-0.889992431978
-2.16963509443
1.32393475286
0.865327003649
-0.248459547565
-2.05402170541
2.07011505681
2.15505500341
1.80748347554
1.53204417534
-0.010345368789
-0.939012289813
0.96989949264
0.175394747779
0.548577643461
-0.266475285183
0.941188742824
-2.05332667193
1.73843827877
-1.26744606128
0.299752336046
-0.496091136114
2.02376424053
-0.33742107347
-1.45662547462
2.04267011066
-0.488169575199
-0.936534733596
-0.969877438518
-1.08388483164
-0.297621944299
2.53249647631
-1.11894710558
-2.32987117834
-0.230306067612
1.64644632508
1.35442198146
-1.92250061112
-2.01321361935
2.07318520431
-1.76451961462
-2.28476722091
-2.49070255697
1.27253137274
0.193634184109
2.16081276975
0.407261557203
-1.38157228156
0.926713307892
2.52500439309
-1.26060158625
-1.34988757377
1.5776632427
0.0179338882817
-2.14507593049
1.01739552336
0.0807529313816
0.700146857275
-1.92426623407
1.09314151735
0.556804466951
0.155295456028
-0.69877013854
-0.209434408636
-1.19237348153
-0.308954204706
-1.78280523684
-0.737205447189
-0.293432803818
1.09571703367
-2.07022104991
1.53510503765
0.929704236183
1.76302831596
-2.26187675743
-0.184601694663
-1.26857011371
-0.590019340698
0.394577539615
0.0795225498164
-1.64820274216
2.07059938999
1.90520396995
0.668850699128
-2.17865763004
-0.880251611979
-1.45215784224
1.02028923592
-1.88107037166
0.953973477807
1.97287075291
2.26578826558
0.477730056372
-1.51155308682
-0.397128999171
-0.996896784241
-2.35817495613
-1.34220493088
-0.0534229963701
1.80934622681
0.623345322335
2.01660884013
2.26526690878
1.85368514866
-0.736581324608
-1.06282595179
-1.13586255536
-2.20199865866
1.50605207423
1.587266503
-1.53058811611
1.22361122618
-1.56607085111
0.519042719765
-1.97106160841
1.43957619184
-2.18503649744
-1.35031431949
1.03436849698
1.98221931158
0.0112771960803
-1.39796268095
-2.21765890617
2.27762783289
0.695894518894
-0.545830709068
-1.06131358015
-1.27216257891
-0.916857686504
2.12413849586
0.0836079696649
-2.39002300246
0.177900368181
2.04812574843
-1.15983924921
1.51368292008
1.59987866814
0.385343709708
0.208368160992
0.349131261082
-2.23096554146
1.94772973895
1.19342802043
-2.31052173895
1.41444532366
-1.37884884041
0.693469222065
2.22574381016
-0.766798222348
-0.499352699481
-2.54181269553
0.303224113501
1.76399231551
1.04359812246
0.14087513048
-1.74334251913
0.478112741264
-1.34456982282
-1.99580285973
-1.60031557489
-0.18528249786
-2.44299195312
0.593958154332
0.845112869331
0.765761855467
2.42337325222
2.4437652833
-2.34659723504
-0.412215099457
1.31909222213
-2.21113954985
-0.0739326933373
-0.639723068192
0.96919282435
0.843711881535
0.518497267937
-1.92582485485
1.96275274178
1.51586557358
-1.16758925346
2.01916006316
0.883896818395
-2.02787599727
-0.463871975896
-0.146515235465
-0.919689556142
-0.860519914622
-0.0468296482202
2.44495078693
2.36557180145
1.9081163901
1.96502241566
-1.48483511161
2.53624208092
2.34686448814
2.47098828833
1.55832867102
-1.99062231671
-1.88221569686
-0.0680385781723
-1.02608328548
-0.200643766461
-1.87493491104
0.415833639858
-1.80903329393
1.3782445052
1.91229701098
-0.519096577202
-1.11614756299
-1.19119207558
0.264629174083
1.0246804937
-0.82149630547
-0.61639455081
0.763472295115
-0.852804055346
-0.691619871595
-1.89380590731
0.0522516830544
-2.41485150403
-2.27045796344
1.55470712531
1.93901879116
0.704714038453
-0.894776409075
-1.69500821527
1.81243622321
0.252742821152
-2.21213096028
0.136305419793
-0.884588500481
-1.14818391455
0.638787337985
2.19064001539
1.47480271865
-0.160291292248
1.30587425578
1.18977429296
1.4129237788
2.11235796121
-1.80753097738
-1.44650260448
1.90560130108
-1.66876891268
2.04558636999
1.36332980248
0.676132582748
-1.49769046686
0.399648000611
-0.740410896807
0.76575995708
-1.99823662335
-0.109714331395
0.754755920021
-2.49387546821
1.42118737761
-1.59448101579
0.912072206222
-2.24139670921
-0.255345074278
-0.156654215625
-0.769646781122
-1.03168459843
-1.34274890585
1.73096738593
-2.34714497
1.41617758662
-2.55044734002
-1.38826249669
0.218754035599
0.510970192995
-1.16800679061
-0.24190409606
-2.04066249618
0.911863733925
1.21223784453
0.357286830374
-1.37645707072
-0.502698835666
-1.81522108007
1.39759727536
-2.27895684989
-0.876708440448
-1.20984416236
1.12257052576
-1.05527222127
2.03348438317
2.3924546643
1.96748687383
-2.03646014503
-0.321209580523
-0.242650134112
0.133267607774
0.58628550328
-1.60551010867
1.87652804881
2.18194428387
0.115938256734
2.54042774878
0.67502821173
1.77999546274
-2.13373060907
-1.06579734934
-0.145554562466
0.0811134006728
2.12385867427
0.712212409066
-2.47846076648
2.4091562096
-0.865546575006
-1.38286043689
2.32031566314
-1.4623448312
1.05237448698
-2.36491170825
0.310840728248
-0.673392329441
-0.762935469425
-0.0805165817537
1.91784971246
-1.0640968773
-2.37181827136
0.143743483276
-0.184211580326
-0.798326239002
0.879399224829
-0.596615596511
0.497356285286
-1.54835465066
0.798878810994
-0.166408181244
1.23593590623
-0.110047600516
0.273971094736
-0.95608919746
0.117241086828
1.65216115068
0.263481338196
0.459147837092
-1.23471598335
1.20595462952
0.576663164848
1.17799680816
0.00697974336271
0.747142518228
1.28155998483
0.242367137988
-0.0785463975097
-0.603605051357
0.896586490959
2.0650899409
0.281024208993
-0.231586071485
-0.58461060436
1.21453727419
1.80592974543
-1.9697713288
0.11332234851
-2.86073524868
-1.23433550251
0.440187871327
0.0270976543036
0.137845822573
0.264910231579
1.03253600192
1.48390313614
-0.802420902572
-0.446588353939
-1.1276028078
-0.179961181694
0.838210450292
-1.33739340104
-0.113512569236
0.345857760766
0.707366509535
-0.231864694989
-0.576001971941
-1.25255019587
0.232250841992
0.0562342257361
-2.8669983082
-1.70881040235
1.1272615716
-0.251239693665
0.22899794483
-0.0699473125816
1.30664968105
-1.15390517346
-1.09343883437
-0.733396609206
1.17784528304
2.21258333906
-1.99127633389
0.188326490851
-0.355725783456
-0.26277363483
0.972647444928
1.16862379442
-0.284932993487
-0.147952881757
0.401120031846
-1.01999707435
-0.717975926874
0.734290037817
0.870659424674
0.954327911988
-0.38679171685
-0.668084593772
-0.783594915146
0.7945144499
0.51508482507
0.635913100144
0.358185093697
-0.285803896039
-0.660988189518
0.217765879061
-0.820402047633
2.14528812423
0.569743422468
0.56038697782
-0.0329500643064
-0.0364372176041
0.300296431001
-1.57706091641
-1.50376522199
-0.301962356326
2.43649076973
-1.60224595878
-0.670370369151
-1.79354325202
0.472697038019
-0.884810893674
-0.997698067016
-0.414179773391
0.24168786933
-0.880160584125
-1.46423512946
0.487182085316
-1.90947143131
0.70285342591
-0.0388625580892
-1.05895232434
-0.504482983633
-0.577654194458
1.09811512649
1.58643632423
-0.320559269576
-0.669149729958
-0.164442556567
0.403241625974
-0.214648110733
-0.0301678784922
1.3386482062
0.0244331786276
-0.180982922024
1.45827909765
0.639669672528
-0.772972302704
-0.176040718475
-0.780880320527
0.476132848192
0.251059291707
-1.54938810016
0.924419893153
-1.73443135788
2.13879618323
0.85012604731
0.614991879621
-0.784447055947
1.20533433699
-2.15389132966
-0.764679565392
-0.319963249222
0.717439262959
1.21033753615
-0.633397214041
0.431696252121
1.52970591557
0.444236724512
1.43461951594
-0.178610112877
-0.0550130432425
-1.14110039499
0.168716987923
-2.10526115579
0.895972833895
0.553568904749
-0.428628433221
0.0997532662232
0.0897574655684
1.26010513984
-0.439488537743
-0.391655668574
-0.891398968145
-0.0743012803309
-1.74887961455
0.558074512922
1.58701628453
-0.644939383269
-0.750699345886
0.236520912886
1.81181662561
-0.318685349393
1.54357722948
-1.05081479992
1.31402828842
0.66077061261
-1.70020909312
0.158905959063
-0.727439249994
0.103052287312
-0.280546815017
-0.629240337359
0.267900485073
-0.397643904799
1.04283883089
-0.706612079406
-0.402178329718
0.20195761061
-1.0775346313
0.119819563547
0.792549274043
0.00775379488616
0.421674402718
-0.13799715953
1.92433745175
-1.06955284237
-0.948119752982
0.187607879333
0.219449745965
1.47484095563
-0.17793498893
-0.323659777332
0.819758847779
-1.21044889053
-0.51163617718
-0.86912194084
-1.15142918256
1.96214184685
0.942809668274
-0.799067585587
-1.48352525884
0.96944315123
-0.0227790046642
-1.06045625127
0.0273378050465
0.204338147719
-0.415085934484
0.706030252827
1.2747621618
-0.620993212701
1.35486469431
-0.784584477897
-1.07801724448
0.205377881647
-1.00679182517
0.198815040335
0.49896647091
2.02492325116
0.587927784387
1.85214702301
-0.461515365483
-1.37112431674
0.823141670679
-1.58544461363
-0.329035763054
0.865028628929
-0.0846533343951
0.0930322141224
-2.46108349888
1.31182369279
0.0457052232731
0.878853700206
2.45270512303
-0.384272869881
-0.895717891157
1.28659121536
-0.29221373592
0.290944008988
1.00695902421
0.181306589652
0.844348695855
-0.221031814171
-0.809134865749
-0.28657110705
1.7396677522
-0.951307820829
0.834439370008
0.64750473655
1.44319598997
-0.0763878527941
-1.01996929977
0.0539063846676
-0.281677243623
0.305647604938
0.895489841894
-1.33979449213
-0.714133069806
-0.771786207662
-0.620292392511
0.711998961073
1.67887356415
0.0594880162363
1.08608594634
0.536333510022
-0.34492428136
1.1823060389
0.553228515425
-0.413347763943
1.6150368192
-0.586595852497
-0.92144103776
0.86202090994
0.678767015553
-0.541747973465
-0.902867848423
-0.233283351952
-0.893735605346
-0.932237067152
0.042305680339
-1.21190344531
-0.384937566105
-0.579375073028
-0.268849553568
-0.504885446266
1.24696834121
-0.0191955350568
-0.603484071138
1.83353897525
-1.4850057532
0.602504597803
-0.790690504267
-1.02745346799
0.86169938724
0.482940343463
-0.686552612932
-0.728008249969
-0.568571455343
0.193258639774
-1.48605151445
-1.44175820253
-0.260907331729
-0.405940975456
-0.0326296218878
0.90539221121
-0.500158438322
-0.00648369020783
-0.0465009638525
