0
0
0
0
0
0
0
0
0
0
0
0
0
0
0
0
0
0
0
0
0
0
0
0
0
0
0
0
0
0
0
0
0
0
0
0
0
0
0
0
0
0
0
0
0
0
0
0
0
0
0
0
0
0
0
0
0
0
0
0
0
0
0
0
0
0
0
8.984178802e-05
0.0006552532837
0.003753285133
0.01365137678
0.04171338043
0.1047744107
0.2222832896
0.4045077132
0.6585795058
0.9668896323
1.297154458
1.627715815
1.925632786
2.174007956
2.357135036
2.476250519
2.536849128
2.543698815
2.506049419
2.441784207
2.356874849
2.24792261
2.13520092
2.024291524
1.912957913
1.797009047
1.694730697
1.594415715
1.498781461
1.4113756
1.332151846
1.261607832
1.196095354
1.136404855
1.080321284
1.027446974
0.9805051976
0.9399398808
0.9001349329
0.8661595242
0.8384535434
0.8085370771
0.7848860809
0.762766215
0.7427353953
0.7262485474
0.7097588117
0.6958820783
0.68536275
0.6767834628
0.6680115855
0.6622172316
0.6582385536
0.653200094
0.6518714184
0.6526454031
0.6535087403
0.6553506413
0.6588900147
0.6626714458
0.6694001405
0.6780743851
0.6888308827
0.6996514958
0.710778926
0.7252531814
0.7393166754
0.7566390546
0.771889533
0.7885805639
0.8066100336
0.826686504
0.8464593943
0.8662456493
0.8866584782
0.9102666647
0.9317463126
0.9519838069
0.9731781345
0.9937523939
1.013874726
1.033275168
1.050460292
1.067270841
1.087332013
1.101943139
1.118432072
1.135295666
1.148341854
1.161563891
1.17329333
1.183242245
1.18863376
1.194255346
1.196064106
1.198469718
1.197704069
1.195605108
1.189150158
1.182935502
1.174199623
1.165237633
1.151379668
1.139791531
1.126605096
1.111632039
1.099401162
1.083567036
1.068160785
1.054061572
1.036824071
1.022560448
1.009848698
0.9959643682
0.9826110592
0.9696919258
0.9600358378
0.9495353161
0.9378801126
0.9279770323
0.9185208386
0.9115271315
0.9041963329
0.899044814
0.8919257122
0.886813024
0.8821349253
0.8794892096
0.8758057692
0.8740984729
0.8707746474
0.8710599937
0.8713843275
