-2.29346775192
2.17509588959
-0.459073501626
-0.34289718605
1.91536230583
1.4278264077
-2.46077339806
-0.938861355952
-2.01304657632
-0.205047570895
1.84530719548
-1.40166674154
2.37575505469
2.39774610586
1.85649186902
1.9333063208
0.35500027912
1.82351969121
-0.977698569019
2.54194529976
0.755200263265
-1.38845907429
0.165718789103
-1.9741312931
2.18707988234
-1.34482112836
1.25627465002
-0.429986537299
-0.813033564395
-1.07579123912
0.289357579406
0.149955707682
0.326855771645
-2.37565480699
-1.12023193666
-1.9153911512
-1.55809738078
-0.553824725949
1.91523872564
0.182949473867
-2.10146813671
-2.33295182384
-1.62876122631
0.631880882319
1.29909626263
0.616418020453
-1.29456170495
-1.95785861461
-0.243562958979
-1.11701136253
1.23087699141
0.488806979685
-0.0822921022735
-0.786207394491
-0.0393515525425
-1.24350399403
-0.836465849406
2.55326186898
1.02391612626
2.48465412632
-2.4055078921
-1.17489648687
1.74531557567
1.19924195452
-0.209339793008
1.99930238673
-0.409212911065
-1.45200592226
-0.0888847816813
-1.26610709462
-2.31054400294
-2.10866178429
1.47008085857
1.31019949901
-0.69529507048
1.13397154552
1.41120167075
0.450662968657
0.383046293811
-1.52861055121
-0.747014450905
-2.45240875775
-2.56099649303
1.33661361042
0.726303746465
1.04675952384
0.940661299192
-2.07038520251
1.06166389428
-1.06773449049
-0.513090517372
0.74557607352
-1.43484270957
0.659962788486
-0.328402152751
-0.230573422754
-2.3154832815
1.7702298261
0.535709220493
1.42881393368
0.383394629643
1.72324315775
-2.1697718173
2.14121626089
2.46552859342
-0.111097952451
-0.0789182463416
-2.53933802865
0.472726193433
0.211601435574
-1.69293633244
1.47618367754
-1.22014644068
1.815853159
-1.34256490759
1.19043928109
-1.9580616349
0.890998452454
2.19374621736
0.960194067822
-0.312939873169
-0.0835414985069
-1.04256525682
-1.81524052989
0.150587446433
-0.712392283915
1.91083060545
1.15944369774
1.84053816148
-1.33511611632
-1.24189833297
1.28461343816
1.15921088276
-0.430946980127
0.0785341160712
0.684926252068
-0.0243729145104
2.0601545853
0.0915067956274
1.68974029116
1.65542786616
-1.65844748772
-1.06206148485
0.371575443384
1.57692915685
1.90832005087
-0.0261955965521
-2.4404267199
2.3386177982
0.452594087116
-1.30304258956
1.08917009209
-2.00986194316
2.23777836668
-1.25533047941
0.15595168943
-0.191793987946
0.195888687727
-0.527276911353
0.71538004656
1.93314106624
-1.82283104859
-1.25032235608
-0.219905073222
-1.36992613711
-1.87769922468
-1.25530933058
2.46926867136
-0.742011134901
1.38175754725
0.932772625765
-0.39038725447
2.20036223752
0.590672215445
-1.97932647203
-2.21246146566
2.48497483446
2.22927214728
-0.945511538124
-1.47242296739
-1.495281462
0.715234683081
-0.754770810415
2.27304904612
0.0860895426049
0.164553894797
-1.65251389385
-2.04587054072
0.321614483531
2.40518562787
-0.571329362244
1.08445330733
0.11095275128
2.51787982677
0.979288963978
1.99815172801
1.38618718625
0.744953143929
-2.1698819041
-0.980821173759
-2.38595148154
-1.5402217978
-0.628845739214
-0.597137280275
1.46203855927
1.66641627774
-2.43205096063
-2.01876107333
-2.10655963186
-1.67433454513
-0.6940905353
2.14963901866
-2.23289750397
1.03527572826
-0.732703631519
1.64527316611
1.74580967578
-1.28089850836
-0.222484513133
0.408135622011
1.3651295618
1.66074896118
-0.287142570077
-2.10893258394
-2.14638092418
-1.22048780519
0.422311444296
0.704096015649
-0.372213644858
2.54762144768
2.54152719895
-1.89682008792
2.13016937704
-1.47961274261
-0.284433364788
-1.30586315708
2.45833880407
-0.931087363298
2.13881493954
-2.35665686786
2.21279011375
-0.351448403058
0.479682869024
1.22327901716
0.552547349651
0.915406918621
0.886771241373
-0.562952204295
-1.65494585224
-1.35251858408
0.642291096487
-0.676689143119
-1.16619921396
-1.38628698473
1.44277850053
-0.872442982662
2.15221199594
0.472825352846
2.2213802971
1.42634242167
1.10013806901
0.857314899109
-1.91559496917
-1.90527738943
-1.72844377681
-1.40500997994
-0.343533044572
-2.02102632056
1.6030344382
2.54177672761
-1.80345443452
1.75098952463
1.57510945904
2.06297641341
-1.88565947131
-0.338583987136
1.87506004326
2.01905777272
1.02982375589
2.02980743528
-2.50422950581
-0.302953718195
1.00783993948
0.227501797893
0.19963494092
-2.26853764944
-2.22781327819
0.667311919121
0.236320526576
2.22635316176
2.54452034434
-1.15508748948
-2.03345358851
-0.164087592933
0.415884351213
1.3411674538
2.51610679429
-1.36360806485
0.764287332822
-1.60585531597
-1.23839135008
-0.161240873235
-0.701052877824
0.521754698346
0.226034957906
-0.304051983281
-1.64453618878
1.06952723838
-1.18911870172
-0.527449086916
-0.72478713876
1.26934812747
-0.336233593576
-0.552747643454
1.78387559782
2.16080603768
-2.25013529899
-0.915726284539
-1.17980216237
-2.53358562888
1.18367037674
2.2736875877
0.225279612265
1.37743283742
-1.72423174097
0.810837268159
3.08004567957
2.6763138983
-6.14721313323
-1.99583290289
-0.809057386281
0.291303632691
3.79056681598
-0.462847781183
0.047929137648
-0.739678566533
0.668275445311
4.62067503296
3.78078851011
4.9375104937
-0.187720073284
-0.775800653674
1.06071441225
1.01870728783
1.51956362789
2.30729945415
5.05713201686
-5.58708292053
3.02926003445
1.07355379666
-2.40743691799
-1.23420546195
-1.91956930482
2.41527013546
0.78739598459
-2.63408652723
1.58123866859
0.990472348359
-0.226038479305
-6.33510685683
0.399122348179
1.35958123387
-1.35306565696
-2.73235866945
-0.321673485791
-0.327162681411
-2.1668174096
0.378274552081
-2.73497688295
-5.94545488351
1.91005996429
-2.26470938059
-1.08131390792
-0.662028708539
5.95437946161
-0.169227178394
-0.645410655735
-3.9954342774
-0.92293057424
2.42097893258
-4.52577460378
-2.89335965474
-2.63165996696
-2.41234802309
-4.58490341571
-0.205884671208
2.85215752929
3.02245976156
-0.267698174822
3.28836069494
-0.282954146123
5.03217297049
1.03946045492
-5.74706922846
0.0640708200661
0.0245720334679
3.22144301419
-0.442902205327
1.97965030466
-3.45203745526
1.16130529656
0.655719297694
-0.289072934678
4.25124810155
1.56055453387
3.44715726832
-1.39860058976
3.02582060345
-0.99258757791
-0.208799077406
-1.04921022362
0.272418223684
-0.397224725356
-1.21740253615
5.39702944602
3.45968244032
2.88225028943
2.59554563599
1.33654778146
0.192099570335
0.202288805593
3.57439450657
1.14832596068
2.10842659015
0.278913934191
1.32928545943
-1.64639018578
-0.531868551484
0.434668027013
-2.59375752166
-4.70130911448
0.761863537039
-1.45933652639
-0.95037110843
5.95223074589
1.08411687305
1.99262155
-1.35234987681
-2.34502995592
-0.56913066986
4.73536730204
2.81471315224
6.61285046018
-0.548439036272
3.58408577396
-1.20223097918
2.38761459087
-1.70924110623
-1.18018330703
5.52654165917
-1.45360227969
-3.96415896927
-1.76430739495
-1.33042307012
1.86015643843
-0.759175143726
1.40322461429
-0.161316985337
0.0100338345595
0.567256882094
-3.64532958251
6.83811084623
1.95260568372
3.06844529256
-3.51954441599
-5.48110283322
0.122209265324
2.42843211747
0.834619565243
-3.81803164922
0.0197233777374
-0.0197652958413
0.649122577767
0.253225541542
-1.78497856569
2.21219775978
-1.76061091887
-3.48221735378
-0.0983343938574
-1.53980630211
-1.44048364026
-2.48893295411
-0.734571011916
0.949126497676
-0.60650514957
-5.71460151419
0.41907380843
-0.62999470809
-0.522300833552
5.00555585681
0.323959862825
3.59412977461
-3.37040923818
0.813215125671
2.49789091023
-0.48560273219
-2.89975927545
0.699400638302
-1.24831960904
2.69892830776
-2.08396390593
-0.564175183124
3.60926195342
1.70180553488
-1.60788548939
4.95703498383
-0.190309204287
3.60922964317
-4.2251648385
0.853186276776
3.06220100569
-1.4214502926
0.924341568531
-4.6714335648
0.746231628251
-2.2512962414
0.0563986104177
-3.30345850985
-0.344844392211
0.952470197731
-0.671363899773
3.07181667196
-4.54293406617
3.06860872813
-1.19127162806
0.73819098709
4.09463930493
1.62499074975
-0.0471877508196
-3.04573582072
3.00958722948
-1.10232607198
1.99479873208
-0.109741776958
-1.52356749313
1.49315355943
0.313510583888
3.13295232263
-0.420003540299
3.74729882218
-2.8592986957
1.59284781089
5.9660100139
0.861164418673
-5.37334941335
3.47191752879
-4.00767410677
-0.726031743791
-1.29823394561
2.31449643227
-1.42775001599
4.39309743202
1.40276891919
-3.32547800131
-0.458486956286
-0.324909781847
-3.279205243
1.70380367479
-2.16575613856
-0.21467232443
1.07852276804
2.54646573966
-1.50329222011
-0.853687666757
2.82244202192
1.30814075868
-0.626368219584
1.52439899499
-2.82631183748
-1.86238862406
-1.29117281989
-0.656119837685
4.87931902487
4.89915126573
-2.90029868247
0.95491226683
-0.143677798441
3.21022079543
-0.052507037213
-2.3373730326
-3.10249599915
-0.794905564511
2.27527901356
-0.278708378565
1.85686002269
-5.74290223584
7.77816408826
1.37728955048
2.98257864225
2.77770351501
3.55326019352
3.02328504285
1.58533685396
1.11676876444
3.15078177841
-3.66084500976
2.84408615677
4.54065565541
-0.162490667719
-0.826602196754
-0.391645686484
-1.42009482505
4.28422303694
-2.64656429213
0.0356227059391
-1.60772978952
-4.93561767565
1.59876949569
-1.80690718661
-1.24677932838
1.00651704325
1.52875239078
-2.12570750305
2.04116061493
2.21452662125
-1.18577599304
0.224419528688
4.13119633872
0.172147100717
-4.00742974448
-1.99116284768
-2.10580865732
2.5608931622
-4.75699468432
0.520739596804
-1.25337859545
-0.470921641038
0.080567591633
0.21099835369
-4.30101946329
-1.10888636639
4.24897159964
1.32482740763
-3.34163264675
3.61635282872
1.40321932716
-0.580260252179
-4.01198238498
-0.381556584639
-2.24099464693
-0.448156688309
-3.47345775083
3.24468045242
-0.355239684323
0.0400561996384
-6.07516525901
-1.40050349019
1.67802818262
-2.29012560721
2.1756491274
-0.455584946107
-0.321099643184
1.93213411131
1.40561036444
-2.46780667214
-0.928874790623
-2.00776641041
-0.204752822034
1.8421514471
-1.4030464926
2.37757332903
2.40441376845
1.8680977515
1.93563262354
0.345544251797
1.82879118638
-1.00460247294
2.55415143441
0.741415918023
-1.40103418379
0.169879238397
-1.96459493775
2.20285516454
-1.33029893079
1.24973414318
-0.417014143927
-0.814344030893
-1.06839763998
0.289656797561
0.156372405676
0.335617287179
-2.38014164339
-1.11737804437
-1.90905153667
-1.55172967156
-0.553165703948
1.90228482681
0.179043532016
-2.09885993632
-2.34804419565
-1.64095799785
0.623827630802
1.29283498709
0.607351826665
-1.30346284119
-1.96435571153
-0.242933163678
-1.1129822138
1.24729969124
0.491727170822
-0.0768159109315
-0.790488311521
-0.0415439581469
-1.25173650193
-0.831699914287
2.55594156308
1.02769552938
2.50271182149
-2.41921132431
-1.17565367033
1.73346121482
1.18509035448
-0.193126081138
1.99390253252
-0.409998665821
-1.4403068787
-0.0797637469825
-1.25149630529
-2.2997504081
-2.10212090819
1.46839974999
1.31476226773
-0.685390685355
1.11844986211
1.43014034673
0.443751737072
0.382780219155
-1.54907809689
-0.768694285293
-2.45369452521
-2.54082523755
1.32200751993
0.720341445924
1.04484058305
0.935614894008
-2.06630625869
1.06760897077
-1.08935321747
-0.503406607118
0.746198955752
-1.43046112179
0.666735372902
-0.334605580516
-0.236141893607
-2.31748315199
1.79176445138
0.541153371788
1.44268657339
0.375031210552
1.71909395958
-2.15967738545
2.12794825809
2.47181487577
-0.107468020279
-0.0653253646341
-2.5383526408
0.477599461823
0.209198335481
-1.70421856346
1.47055402067
-1.22923765806
1.82909409694
-1.34161567014
1.1866584993
-1.95219237976
0.900692778266
2.18557689052
0.9724880147
-0.303708802096
-0.0885602410286
-1.03880203848
-1.80807634398
0.156384731439
-0.724269433581
1.91655875864
1.16553214542
1.82865420075
-1.34291112918
-1.23586508958
1.27686402141
1.17694427878
-0.435779247609
0.0935397011429
0.696241539878
-0.0309182064023
2.05784574106
0.105129374746
1.69045644682
1.64262395746
-1.65101681858
-1.05975153133
0.371126865943
1.57950633376
1.91504825769
-0.0222863973281
-2.43838285095
2.33533124639
0.451232560407
-1.31188660098
1.08500645146
-2.0141366068
2.21420517975
-1.25633823863
0.154102483551
-0.201864541335
0.208536049165
-0.50812730199
0.7324635071
1.93550117247
-1.8270197318
-1.24399075031
-0.220906861196
-1.35313871799
-1.86465590916
-1.26744594635
2.46518911348
-0.740253609981
1.38591900459
0.936468842662
-0.410545813242
2.20184122788
0.594200737774
-1.98733173864
-2.2066498207
2.47128730445
2.23416081798
-0.92732299091
-1.48093498099
-1.49425398184
0.723156401819
-0.758465399342
2.27183524898
0.0823471062924
0.166854355986
-1.65829360345
-2.04157521479
0.336021922962
2.40744958476
-0.568818669751
1.07349778226
0.126176828783
2.51327591141
0.975402946613
1.99391508074
1.39087884915
0.734902749403
-2.17220176065
-0.978915990564
-2.40346532143
-1.54219835514
-0.628214526082
-0.594318602448
1.46570109457
1.65303218466
-2.42924405566
-2.02302380526
-2.11050189465
-1.67604632888
-0.691583773293
2.14105523155
-2.2270510179
1.0361796098
-0.71808312801
1.64281786966
1.75468474774
-1.27799340059
-0.246611428953
0.420734368432
1.3678431946
1.6641304845
-0.290721036565
-2.11325230744
-2.14333646507
-1.22170857372
0.423674765979
0.688402676574
-0.367765237371
2.55647333554
2.51890342997
-1.89578296237
2.1244536306
-1.48439327946
-0.300191705775
-1.31582232517
2.4648055518
-0.915937473586
2.13405661291
-2.34771470655
2.22512596193
-0.327753487578
0.491822647827
1.20601000543
0.548659205209
0.913015614711
0.891411797778
-0.567569175344
-1.6518984149
-1.35448021298
0.631199897187
-0.681101964684
-1.16771095541
-1.380101746
1.44659989817
-0.870505108834
2.15034173865
0.47540705656
2.21354905563
1.42266253201
1.08936523981
0.852449177503
-1.91136673939
-1.89868780815
-1.73121200418
-1.40625292145
-0.346900714224
-2.03217131378
1.5958864561
2.54296062927
-1.79418174915
1.74095263733
1.573076218
2.06532041269
-1.8656687324
-0.338832312253
1.87307657561
2.01262577769
1.0262989716
2.0434033967
-2.52037613099
-0.29907187606
1.00574062461
0.230505635463
0.193885466679
-2.28269333514
-2.23129050157
0.663172508621
0.237501233382
2.24721891191
2.55363598099
-1.15635454669
-2.03571275414
-0.150763533114
0.415878158693
1.33329626333
2.50951029765
-1.3743727546
0.770470131651
-1.61239209031
-1.24707578471
-0.149365645489
-0.698375963366
0.516083453226
0.216075090084
-0.298071705211
-1.63242262746
1.06813182093
-1.17297049329
-0.517137920082
-0.721639823246
1.26599228127
-0.334953407871
-0.561769104969
1.77649502268
2.15387395475
-2.23997298497
-0.907479683085
-1.16829963748
-2.5350848257
1.19130975296
2.28647448526
0.216793754922
1.38123822463
0.89261022007
5.20052372649
-2.89814203368
-4.17421037211
0.574942055526
4.99608239117
3.06461171744
-1.54647213592
-0.265748670526
0.0384900851512
-5.77018749858
-1.4256612104
2.21765999571
0.698585293982
-1.08863343716
-4.47551240503
3.79127634385
-9.10306481143
5.93495887959
-0.0357739185654
0.400260896064
-1.27805538889
-1.20561990173
4.94807169121
4.88358512975
-3.211073159
-3.07409237829
0.671905731423
0.439650539938
0.544077705802
4.99755227066
3.39147175666
-1.39486455755
0.125486701529
0.279395128948
1.03417260046
7.40722567053
-1.46452491801
2.88970092161
-0.264936131239
1.11925202155
1.44558259311
1.40768449874
1.69705467837
0.3421225816
-5.46885885421
7.31277771399
-0.42229118615
-3.12873939072
-5.2485580608
-1.27436057932
2.81437691148
-5.97507290856
-4.26243847305
-3.28293753729
2.1722760483
3.38496573043
0.152016474019
0.0702389613527
2.42802995624
2.90059384666
4.16125017946
-5.71116956886
-2.87949388636
4.33213550859
-0.362220532021
2.10537552742
-0.915885214796
-5.38754548541
2.34270305781
-0.828488569639
-4.28201376684
0.0726658075901
-2.97969961965
0.211429875389
-1.85540870136
-0.103789956602
4.80142798428
0.91940784768
4.07931341884
1.90678854123
2.34899922412
4.11433848603
1.93335012718
-1.29924058681
-3.04078781173
-3.32930814171
-5.140494591
1.8169846528
2.20687636646
4.07644691723
6.15270738576
-1.87360357057
-0.832927585329
2.27554815021
0.514254621615
0.284342288
-6.89540202658
-2.60619550011
0.906622298864
1.3293364764
2.40764013082
-1.32681230543
1.69213025326
0.551423992919
-4.90948527362
1.29499655211
-2.51100887286
-0.010976040538
-2.78018188561
-3.04332531834
0.964409733033
-1.36742789347
1.77675699998
-7.08899920046
1.7363792037
-0.823028069664
2.92050939457
-0.249871677646
-1.17296614269
0.514030725757
-3.05336582686
4.14441946303
-0.245302099348
2.2807715702
-0.428918316638
-3.35978864274
2.70039478081
-0.00922002151701
-3.10369133367
-3.68326031056
1.22389369702
-0.305507823473
0.929591627183
-2.42087264826
0.14279931524
-2.76411389282
3.17127664976
3.23150850389
3.60413736308
1.74590296292
-2.13872234116
1.60582997156
-3.90676811361
1.58730974995
2.67941479042
1.04484226473
4.37158541753
2.32198259864
-0.396994729468
3.91301984857
-2.91822856568
1.52571177332
-2.46442761975
-0.589288708766
-0.241619465493
-2.40552928431
1.4559228504
-4.75863969268
-0.448941678688
-0.37395083368
2.23246425967
0.530325245055
-3.77074014257
-0.519197789017
3.22009024487
0.359104655795
2.02718435778
1.0869291729
-0.514160614263
0.600538978151
3.56600184474
5.94345630198
-0.696010495568
-1.97752222907
3.42872951552
-4.52955080903
2.62804774258
4.81169289557
-2.72914218693
-4.11140360294
2.42443422078
-0.134622173916
-1.74882166824
-0.0625728952435
4.24716816337
5.71276147822
-2.05251336995
-2.06820748477
3.73189828303
6.56194052935
-3.28457011517
2.32418732831
-1.16061221629
-0.144561624552
3.43691823196
-3.46128588643
-0.249803178775
0.544326454354
0.208558378836
-3.60074208455
1.27698041634
-0.741467751019
-0.0696694284796
1.07620876705
3.26859947707
2.28145438806
-1.07873126524
-2.41971214097
-5.52482657119
1.66478838016
-2.69671834503
-4.64575382633
-5.20762676655
1.51290383436
2.47775123891
1.64208031993
0.419250803282
-4.01922200049
0.0642959269023
2.18838355428
1.52714137921
3.24672242713
0.728988854072
-1.54679634438
0.801213182816
1.79126740014
0.978260841918
2.40010694485
4.09196237302
-6.53530590995
1.75040293292
-1.84968421907
-2.99115792657
3.07712809164
-3.2774185631
0.170214893816
2.67995213798
2.02977281608
-0.168833194261
0.588983575986
-1.98137826914
-2.81866116142
0.439903835386
-2.77381450643
2.86674867343
-0.707990196932
-2.91856828518
-3.80376526356
1.01467139323
-1.43180807064
-3.02377007885
-3.36045619087
3.4322356881
1.20286442044
-3.00419223532
0.193969928891
2.24970043169
-0.224659653502
3.1732040745
2.4594424201
-4.36646392277
-0.168039502451
-3.21365697993
-3.76089135114
0.463872087477
2.03221378784
-2.34813357671
-0.410907677815
-3.95689784637
-5.18303452695
0.894673347054
-4.92375536523
-0.420155763954
-0.870671253121
-1.27511869526
-2.15384549366
3.25678223531
-0.536823383186
-3.89796914604
2.33703635442
-0.720486087773
-2.250986489
-1.71979426462
-2.72719972923
-3.22820575767
-0.476198792562
-1.70841259601
-6.08149787708
5.95598983384
-2.84067347993
1.42394372993
-0.489769767343
-2.25630178264
0.66310322833
2.88894690359
1.66549242406
-1.23540191452
1.07183245894
5.67038064122
2.18860482572
0.613288672162
-2.86616107619
5.81747600067
1.52040937454
-0.790016694339
3.15854663839
3.45317808349
-4.84295100125
-3.37267785563
-0.781049284961
-1.33342163855
1.75910275556
-6.50483469641
-1.31145721148
5.21913779721
0.761564842419
1.69627198347
4.29433745895
-1.84413875786
2.79203409044
0.6633717512
3.18601269798
3.43812811036
-2.29905864639
2.17718455986
-0.463048976556
-0.30603440152
1.93422276824
1.42339301309
-2.48069191571
-0.929967370046
-1.99755937462
-0.194181377157
1.84880780256
-1.40839299453
2.36699390397
2.41450220571
1.85837112407
1.94839474067
0.339405339259
1.82046514489
-0.995612855435
2.56898478625
0.755987781646
-1.39742449861
0.172931589609
-1.9561163895
2.18529882024
-1.32368041531
1.24081776411
-0.427335565331
-0.812892838568
-1.08473315055
0.298471239574
0.142505544628
0.31380615074
-2.38222216795
-1.11082498965
-1.91661872051
-1.53831118398
-0.56199914232
1.90250036406
0.185773370276
-2.11648446507
-2.35077008028
-1.64160087247
0.634141881524
1.30383299925
0.608260791356
-1.30624637947
-1.95782279664
-0.244752888101
-1.11748725614
1.23896499187
0.475124788789
-0.0802475720299
-0.770065991668
-0.047832292019
-1.25456844485
-0.820474849843
2.5697753129
1.02320481694
2.49132266001
-2.42739058534
-1.19020406775
1.72180266743
1.18798332066
-0.182136329926
1.99112108084
-0.415770249946
-1.44740053671
-0.0722536827789
-1.24984770731
-2.29707331339
-2.10509832135
1.47470845402
1.31607717612
-0.67700066616
1.1095501367
1.42473265278
0.444902512785
0.378316482077
-1.55266695775
-0.760137130311
-2.46000129718
-2.54618465912
1.33756193653
0.722646687456
1.03990941152
0.956343074941
-2.0590493614
1.07021610914
-1.08603257515
-0.503135895735
0.753477207175
-1.41838500084
0.665129847827
-0.336573250109
-0.242742471265
-2.32799481466
1.7888345616
0.54689056772
1.43977536204
0.384284767088
1.72431385285
-2.15824932262
2.1275973024
2.47735586612
-0.0902871099065
-0.0502668434812
-2.52684004845
0.476021980016
0.203349069394
-1.69523022743
1.47472204537
-1.21584865715
1.84677235244
-1.33147414819
1.18883232889
-1.95812723151
0.892116842708
2.18873001658
0.973605657963
-0.301178488617
-0.0960897753537
-1.02907623635
-1.80103686292
0.150957057784
-0.720495829528
1.93418165671
1.17271533197
1.83302710276
-1.34774686907
-1.23846693713
1.26719336589
1.17152924238
-0.450018264727
0.0968347147506
0.701956561394
-0.03791368864
2.05599348338
0.116423914796
1.71110189084
1.64052699253
-1.65323510904
-1.06679203313
0.37098219478
1.59293515593
1.90151249089
-0.0278961538606
-2.44425591135
2.33100555938
0.457040500027
-1.29710121429
1.08878077236
-1.99727110598
2.22024720156
-1.25496230251
0.159122894563
-0.186847464155
0.212473901848
-0.513539680979
0.754165938
1.94396498748
-1.83223505454
-1.23038037263
-0.235331636635
-1.37280399969
-1.87466487695
-1.26331762443
2.4693273211
-0.751987659604
1.38120984626
0.943916243239
-0.404740317965
2.20441555256
0.603661253075
-1.99008185425
-2.21347825449
2.46902505775
2.2412430512
-0.932545036328
-1.4786693214
-1.51178544606
0.725009229944
-0.764940514763
2.27463889318
0.0735282850209
0.178793816607
-1.64176929367
-2.04479647505
0.322819512001
2.41240877392
-0.572024483677
1.08101695343
0.110661997216
2.50650793086
0.988535591903
2.0036389671
1.39921371728
0.726486091193
-2.16379651958
-0.976538597219
-2.40776877066
-1.54840215872
-0.621042927777
-0.598581222368
1.45622071986
1.65720222049
-2.43466720843
-2.00851213227
-2.11949701632
-1.68238495781
-0.69163918594
2.13828502706
-2.22325096829
1.02940331011
-0.720304669322
1.63383925086
1.75829196653
-1.2718006085
-0.231491075218
0.411870584096
1.364513499
1.66726985747
-0.299314648726
-2.12700908818
-2.16710718186
-1.2297700748
0.443606895707
0.684651898955
-0.374777904298
2.55481196172
2.52502336358
-1.89347744143
2.11454476841
-1.48036628708
-0.287394652627
-1.32011403347
2.45842861382
-0.931451524919
2.13719376522
-2.34257705485
2.22489139839
-0.346956131493
0.495810051776
1.21154044046
0.540379875276
0.921366871813
0.889802849196
-0.569604252109
-1.63849330435
-1.3436988643
0.62945769568
-0.663171622618
-1.16270352756
-1.39706518154
1.46504801286
-0.871061268795
2.13954526559
0.490632604705
2.20511146934
1.42428668232
1.0844373204
0.868113469457
-1.91695276416
-1.88359510912
-1.7377516972
-1.39457006499
-0.328301144867
-2.03110695857
1.60026995117
2.54948856948
-1.80254530966
1.75258841512
1.56560153298
2.06036239371
-1.85704102633
-0.349489909165
1.89448073838
2.00751443562
1.01612253545
2.03728447189
-2.51518524093
-0.294234682974
1.01085494724
0.237769246426
0.182813242361
-2.30065712709
-2.22856554201
0.679479689218
0.240343333091
2.23917838247
2.54366193038
-1.15789132814
-2.02665518032
-0.152405068632
0.432888306308
1.32521281366
2.51687189066
-1.37655742533
0.76676181975
-1.59856833005
-1.24205004711
-0.150259377821
-0.680294564318
0.507018173626
0.211487956178
-0.29414847964
-1.63685515281
1.06067787311
-1.16635882715
-0.522136665668
-0.722892244494
1.27695563705
-0.346657550112
-0.557961061005
1.78258961923
2.14184778403
-2.24079859663
-0.919181382606
-1.16292362453
-2.54443454357
1.18437206444
2.27810893966
0.209237430203
1.3582963066
-1.9134699855
0.39819989022
-5.05469301758
-2.07236299759
-2.62576086659
0.149136956147
-1.55069388483
-2.50235762189
4.56902393461
3.69868642047
2.6723654055
-3.75215578076
0.2626935812
0.725495794855
2.56897975197
1.68134727108
3.56661261157
0.335506281877
1.30624742941
3.49682352452
2.88034863735
-0.0346197368796
-1.7021486412
4.40817050894
-0.436634619137
0.756805848591
0.867998478945
2.1053004219
-3.63605511227
4.36681812392
-1.64462857652
-1.83473521632
-3.31205195569
2.69126166068
-5.85828621843
-1.92637100974
1.2585490433
-7.53706482198
0.482882065054
2.2709633936
1.21558036773
3.00275417621
-2.70987705492
-3.50461062295
-3.91157312386
-3.36293529939
-2.22698785136
-0.922038489395
0.619632028824
3.30955815395
-1.96077324362
1.81041663129
1.04382088984
1.21992986516
-1.48091251222
-2.35048764271
4.80190577464
-5.15506568731
0.380532714939
0.926193440991
-4.83716689482
0.915879265343
-0.978010621009
-5.47754256224
-2.19083144859
3.84899810515
-4.28547802413
1.74917384445
-1.28219753134
1.05040439658
1.96307500085
-0.0260645961264
4.22158390935
-5.87572428356
-0.517944608448
-5.65991961735
-1.75165274149
-1.48518306985
-0.529914004767
-2.5721121951
-3.9978293203
4.65848972755
-4.6447184626
3.05814059992
-6.00261352342
-1.28726669236
-2.23569780339
-4.36954438724
-0.713816165727
-1.01830488005
3.85607338445
-7.82811566074
-2.60911211647
-4.97453976876
0.397265531402
1.18955434295
2.3593435175
-1.26827201801
0.55739341235
2.53967029978
3.23602439521
-1.07531693835
0.51271489781
0.663062859722
0.36783029187
-0.911638905377
0.0545901858911
0.519463422305
-2.75676737708
0.972196571726
-5.1660155212
-0.246593808076
0.452817837039
3.77836393063
0.626028237752
1.99671015898
-2.44053594775
7.38884784768
5.1041040322
-1.05384159142
2.02641411547
2.93425260164
-0.331954180986
0.912781451359
-0.852317367151
1.67505008538
-0.795611616009
1.47525365585
-5.37289490418
-0.961360976023
1.1357118609
0.994707584348
0.66956505532
0.31069417325
1.67829512299
-8.30128003091
3.49998141835
2.55821126823
-0.27326721823
2.23104776437
1.34586315091
2.85668530767
1.11821566633
-3.74503841395
-6.06310709153
-2.99035111384
7.34883361288
-2.57918708772
-1.07126280531
-2.38408605124
1.46416222424
-0.835928230939
-1.81764621469
-2.77160650071
3.55614749526
3.11289165303
-2.77634582345
-2.59304054378
0.577388440417
1.33460112223
-0.274865089486
4.81598313314
-0.19388575365
-2.18729965618
-2.85580088017
2.91440035203
4.10598385687
1.38875787559
-2.82301891435
4.63719483768
-2.79953749634
-3.3433067889
2.5872187223
6.28427416193
-2.50575556788
-2.88010184885
4.94002188626
-0.20102160691
0.305760428407
-3.56531296505
2.5032412226
-1.89287577095
2.40348396127
0.122767950434
0.758929684759
1.34291612591
2.72978818269
0.326370506777
3.0572502715
1.98562396695
-0.322051310964
0.745322998243
5.77242569787
5.83682495149
-3.77194925725
-3.12272017754
-0.24791063374
0.513751485692
-4.56559917856
-8.34936746625
1.32773919508
-0.18305715353
0.0429523894705
-0.17995378491
-0.472381157532
1.24786726109
0.139465015122
2.30516090689
-1.27835996771
2.81592507994
0.237615284506
-0.827840550735
2.648922803
-0.375399551839
5.39463058609
-1.77762419646
2.86657726119
-1.09031114892
-0.472602753989
1.20721284325
0.346883335372
-1.85249256877
-3.25855930476
-5.05789397326
2.49986446639
-2.78331818635
-1.44954605265
4.59815803468
-1.74903847692
-0.430272416775
3.39385731292
6.38031463303
3.93682157949
-3.68483777823
-0.228404238638
1.39954909354
-1.20741747309
-1.70155772474
0.88772117269
3.01740521207
1.71998198451
-1.12869185266
0.862092147701
1.03910132143
-1.69418712027
-0.873685370516
-1.88728913798
-4.70214681292
0.366170907546
3.17530003046
-0.457717818631
0.126952056414
-1.45832050694
0.170256673697
0.0665478067656
-3.12672578426
-1.61922741217
-4.36848477937
3.28714756576
3.40866783403
-2.28292500011
-0.529747458428
-4.73610322395
-1.17249508067
1.42886035655
-0.747330612072
-2.3073001677
-1.98932103495
-0.948105966756
0.0333258804244
0.644707976571
-2.14509300526
-2.94134772143
-2.92566738006
1.18495069416
1.74634452364
-3.46386363532
0.110582330638
1.04668474148
2.52327105551
2.6113046151
-0.763514436409
-2.67143727037
-2.25671273505
-0.198761289336
3.36180644891
4.20355147687
4.75898609034
0.335524275496
1.41944082869
2.20887011493
-1.20325810834
-1.84508093361
-1.78694055959
-0.472666538387
2.64104963075
-1.98266608549
0.826748664945
-0.986729411901
0.659804955755
-3.63126178636
2.64222197811
4.89832203312
-5.04220696614
-2.59069788895
2.3312481883
2.82979113149
-0.510956102396
0.335586435214
-0.530836941982
-3.54440866994
-0.792763187767
-3.15064169793
4.0690062457
6.92140026452
-0.670590196532
3.24389662767
-2.58306019239
1.02812392131
-0.65626164623
-2.87852302531
-4.35123067322
-1.65530933833
3.6945418802
-2.2813993284
2.17991258157
-0.485211698723
-0.300746578537
1.93786213364
1.42930220615
-2.47349428825
-0.922814957805
-1.99053009755
-0.216100219717
1.86755850067
-1.40904266208
2.34993231222
2.41085873584
1.85967319247
1.94400251715
0.346612467138
1.83033845026
-1.0049143748
2.5712940059
0.744333653723
-1.37749968418
0.1721827046
-1.95926974062
2.19465157523
-1.32542191532
1.24330845869
-0.426563155264
-0.799944177191
-1.08475838184
0.29194319731
0.143496781359
0.307940578518
-2.38717312822
-1.09715611011
-1.9257681199
-1.53335635328
-0.55947359313
1.9097812289
0.18462538088
-2.10469508213
-2.35036904559
-1.64535619565
0.628925929341
1.30726517168
0.616375007957
-1.30683587544
-1.94918451998
-0.246078856048
-1.1014842122
1.24163851178
0.478346938513
-0.0832558937994
-0.766221782286
-0.0423138888558
-1.25141446489
-0.835410276452
2.56968482129
1.03274825925
2.49145537346
-2.43667905134
-1.17969991792
1.73338444261
1.18952945523
-0.186307828585
1.98846993368
-0.422555998338
-1.45183003543
-0.062367830844
-1.24449941691
-2.28791906744
-2.10296716781
1.47934927843
1.31143640256
-0.683651172019
1.1287636126
1.42460756836
0.445076783465
0.381313356395
-1.55241278889
-0.759070810531
-2.47862825808
-2.55585806596
1.34237927806
0.716950361115
1.03567836654
0.961448392324
-2.07256749124
1.07175506429
-1.10112787336
-0.498599909318
0.748855097347
-1.42696619058
0.661793172189
-0.349596748885
-0.245650385902
-2.33261192847
1.79591677134
0.55133749981
1.43275458739
0.394864857433
1.7328814358
-2.15356237286
2.11761829452
2.47453398651
-0.0880512010986
-0.057357715817
-2.53174488134
0.456690127707
0.204514189012
-1.69517232163
1.47675343935
-1.21624955482
1.85980437306
-1.33159750311
1.19979155965
-1.94745660925
0.875179145587
2.18633571283
0.970101575276
-0.308821246642
-0.0878284489995
-1.05023000457
-1.79463387992
0.152526948376
-0.706870545408
1.93913703684
1.17247765528
1.82893703694
-1.33967558473
-1.23546648222
1.25463699336
1.17073449798
-0.439337404621
0.0891969220203
0.701876689422
-0.0511474163696
2.0589944595
0.117836780991
1.69548296891
1.63757318016
-1.65271702831
-1.05381462008
0.376071787188
1.57922144992
1.89189164665
-0.028419659266
-2.44191111639
2.3302131879
0.461859733371
-1.29108419083
1.08733281016
-1.9967300507
2.22924475654
-1.26333279313
0.144915846317
-0.167101730171
0.202170781234
-0.506062242375
0.753318243881
1.93369756413
-1.82909695726
-1.23122534199
-0.227923386964
-1.36743309378
-1.87951368674
-1.25749296896
2.46056545479
-0.742156840432
1.36703702212
0.948821981578
-0.390066958106
2.20904832632
0.617513756124
-1.97286116954
-2.22454908159
2.46806404457
2.23796890008
-0.929016022419
-1.47801999168
-1.5016531846
0.723489619901
-0.764177758869
2.27247368165
0.065431781704
0.166132964603
-1.63246910894
-2.03702367546
0.31337798024
2.41328211527
-0.54714726714
1.08175272818
0.129419657455
2.49550529422
0.981316645644
1.99118502776
1.39086786976
0.756192159262
-2.18176263705
-0.961763830627
-2.41142479258
-1.54428124879
-0.618016874755
-0.585982280243
1.45797235307
1.654562803
-2.43378848135
-2.01378810662
-2.12933880261
-1.66778734971
-0.684605275452
2.14568256159
-2.22909079588
1.03179002618
-0.741231583883
1.63064862946
1.76195556386
-1.26946244551
-0.223920776622
0.404854042736
1.36121602276
1.67895135574
-0.292518299234
-2.11056420518
-2.16176476676
-1.22386071778
0.443167117077
0.693503832601
-0.385754729389
2.56813113475
2.51052511013
-1.91249582874
2.11891841141
-1.48509837061
-0.283850800736
-1.32570844438
2.43757244797
-0.922807208501
2.1363282048
-2.33968108056
2.23008011425
-0.336477303486
0.493449857624
1.21270191066
0.552430863491
0.919405470203
0.885087565893
-0.562072646877
-1.65142976405
-1.3422739536
0.636032166717
-0.663431579922
-1.16041589383
-1.39365959367
1.44530904009
-0.869501854895
2.13880971308
0.49139466248
2.21439941407
1.41352312446
1.1022701321
0.859342965348
-1.91908797847
-1.87877579844
-1.74078221997
-1.40051945099
-0.346902755382
-2.02195606063
1.5959359672
2.53727532982
-1.80037749029
1.76031560623
1.57382021623
2.0702655307
-1.8590546969
-0.363940155326
1.88759656739
2.01500652133
1.00660246066
2.03083204528
-2.50643678676
-0.29115957371
1.00968012044
0.252525653589
0.200322998589
-2.30562707211
-2.22317376612
0.671363683419
0.235511611237
2.2330565151
2.53900382633
-1.14661767196
-2.03289256968
-0.153836609625
0.454270697771
1.33581095451
2.51616772828
-1.35846903402
0.761047521343
-1.61165985626
-1.24323074928
-0.153672437371
-0.683411488433
0.509908717577
0.213862885458
-0.295810772878
-1.63119489883
1.05773593948
-1.17118621609
-0.519198433206
-0.71623341298
1.25586142544
-0.363301764027
-0.545906564204
1.78175045843
2.14715735999
-2.24327156692
-0.919512829286
-1.16754473318
-2.53268840665
1.17968620199
2.28652796489
0.221266316362
1.36851230318
0.178518909248
-3.05646466153
5.02311292063
-0.0905730984414
-0.6863023615
-4.32423011968
6.5241932033
-3.60302739608
4.51677508268
-1.07097814541
-3.18406889539
0.843112709084
1.10413709075
-1.32970372147
-0.341712194312
-2.99776626484
1.28599064307
1.56818137551
-0.905910734837
-3.61028231963
0.544481160829
1.55071493864
1.01585698311
-1.25829387925
-0.274381001875
2.37367576005
-0.198488820142
2.16149558119
-2.25014905293
-1.9471856061
-0.127963339122
-3.99781758313
-2.83393944322
-2.16052625064
1.84148942334
-6.23649831257
3.53921256947
-4.85864834259
-4.29101442537
-2.51507863361
-3.53504338258
2.41750979762
1.32471427933
2.2661251349
5.1848125112
4.58287178261
-0.704382679305
3.69979665486
-1.03911366663
0.554737871558
1.13836136445
5.73031824841
5.94613519918
-2.20302753078
-3.73168758878
-3.64348846581
0.362212867872
-2.16664886949
0.392388497493
-2.80937167003
-3.98290022249
3.56829762679
3.00878353527
-3.95441179659
3.50239981509
0.736916527591
-3.03495960368
3.33016737694
5.07052803557
-1.13157701544
-5.36680480575
-1.28186634066
2.55998402276
1.50395356932
0.942822573648
3.14341376486
3.13315145317
1.39326725895
3.17057793979
-4.72006974988
1.9558144247
0.93362772251
-3.79234356827
-3.9840327447
-4.75649025239
-0.271550334929
-0.607375748011
-0.0604677651047
0.221976187133
2.87772741407
-0.783801165552
0.0512554028206
-1.51564517093
0.759366140308
-1.34136729962
2.27377842599
-1.64001150765
-0.657582500812
3.73718902
6.21555692564
1.52198403897
0.878469228026
2.03124216623
-1.29403848691
2.17243128599
-1.36441284392
0.810637727824
0.142901582087
0.333605555457
1.0412870792
-0.460703495278
0.168315579583
1.84978156745
-4.94387038662
-2.16553213646
-1.7227699878
1.43965127037
0.767944691077
-3.92065730346
0.578780341049
2.54007433178
-3.86494660328
0.0926055176672
5.07584538087
2.81904880008
2.31203837421
-0.87286011916
1.80422504905
-2.72158492564
-5.79099907703
0.850947721335
-4.02516121534
-1.08424117652
-1.16107515791
3.17269397813
0.881325181476
1.77359425531
-4.02522974369
2.61778896043
-2.19332969806
0.613941599519
2.52788820635
-5.07566547796
-3.74118901948
2.95538215153
0.989128950588
1.28368796999
0.981880264724
-5.7353676982
-4.85137691294
0.953806617316
-3.77683065568
-1.17480967659
-3.35622189352
-6.46012602319
2.70820926251
-6.96836651974
1.292800228
-2.37985012968
-6.05212117038
-1.94059329975
1.66573208251
-2.31607750427
-5.50163628713
-1.31724255204
1.06731473915
1.25764948399
0.44670796173
4.23554453726
3.74524653469
2.46464179279
1.67698475832
-0.334868231019
-0.652080261584
0.709467972569
-0.214145042164
0.352903052454
-2.54540448211
3.61838938735
-0.282332215209
-2.09499929106
3.28180048216
1.1015071886
0.128056979184
-2.82032570016
-3.39229918603
2.50756629957
1.79523378897
-2.74928562629
3.87989500541
-0.00161778512618
-4.49922978037
3.89961539736
-1.52272838147
-4.01809284002
3.86315447242
-3.39520697687
-1.07136645377
3.01387398581
-0.933883742709
2.33979513022
2.649171336
-2.80191491552
-0.24922339832
0.95106592788
-0.792218850417
1.60447129176
-1.5479678422
1.71222972033
0.928759882455
-1.03360428546
1.86354454068
1.8853972763
-0.504818459947
0.116631902121
1.18815745399
-4.00888093179
-0.947800015208
-1.37015244581
3.19444258288
5.44360271711
-2.77190675789
-1.62416796671
1.39357789296
-3.68876205271
-2.98013125282
4.39101897445
1.69209351038
1.29388501048
-0.160015657974
-2.07901232324
-5.57786237794
2.71567689756
-2.31321170671
-0.0938840739636
-1.19104250686
0.461484530233
-3.96048604848
2.15123975918
-1.84104807391
-3.16408132579
-3.35448644288
1.6509459185
1.87111729612
5.6810785853
-3.36078852008
-2.53291064434
0.16312460795
-2.65545275925
1.69986046777
2.10460547629
1.2561685668
-5.30223195952
2.24459281165
-1.46824710336
-1.53305177597
-4.0981424321
2.33311636451
3.79414935577
0.609195221487
-0.703043680666
0.763749940598
-0.445328754615
5.47478377856
3.05121594448
0.128466229496
-0.295329557
-3.44615357002
-0.0417614565101
-4.82634191817
0.858934112832
1.95186015645
2.09203050006
-2.37313810352
-0.33248746119
-3.47743533765
-1.5411382707
0.964551517846
-1.49565916835
2.77397121113
1.99561945428
-0.397972429785
3.32182707229
-0.264336237917
-1.3445399265
-3.54991512566
-4.16668995502
4.71035529842
0.554427634635
5.67616982169
-0.201360047408
-1.4553415646
5.40909930547
1.42667463064
-1.17776707794
1.83190249973
1.00329878506
5.88476747972
4.61291582447
-6.16252823801
-3.45907765782
-2.31439361379
1.59962722468
2.56350055829
-3.13363693878
3.72387973414
-2.94321695333
-1.13787581003
-1.87783079192
-0.082448912496
1.60103671121
0.819486110863
-1.69408297534
-3.73797452138
4.01974699435
0.0164699472915
0.957398701626
1.44763296502
-1.69151981136
1.72115092077
2.82957094862
-2.10123957895
-0.571930319424
-4.31572788608
-2.26558066437
2.17796288455
-0.475998621187
-0.310682899042
1.92977226085
1.45140099347
-2.47086102752
-0.937124957012
-2.0008015511
-0.213403245851
1.87354536146
-1.40696500052
2.35011438166
2.4185513281
1.87444093805
1.94905203526
0.356014233701
1.84388252036
-0.993267952789
2.57413890039
0.752663642493
-1.38420437285
0.175178229858
-1.96170391827
2.20076723614
-1.33749468169
1.24041001337
-0.409153709402
-0.796127492085
-1.07437856717
0.290117226664
0.160124619952
0.330045792816
-2.37020706948
-1.08010574829
-1.92423578053
-1.5435648084
-0.574065734187
1.92109924588
0.187726206423
-2.12281788174
-2.35378345176
-1.63273025581
0.632154324501
1.30066996351
0.620592565328
-1.30547110461
-1.95171420363
-0.245207937366
-1.10615411147
1.25039253174
0.481018246868
-0.0720848910295
-0.777770601886
-0.0268462626502
-1.26198956597
-0.838837428468
2.56630536953
1.02512342974
2.48620086252
-2.43532446629
-1.16860865019
1.71847855009
1.18764998791
-0.196336896001
1.99435085177
-0.418059835461
-1.44322565172
-0.073552980052
-1.24816462742
-2.30669770982
-2.09921945928
1.48515950982
1.29713274176
-0.687086070829
1.13459295559
1.42125508943
0.441884398572
0.386240620215
-1.52737008634
-0.771920202001
-2.46328566465
-2.54673589745
1.34992282899
0.723128648736
1.02035846191
0.959921034419
-2.07146895885
1.07467118877
-1.10248316216
-0.493076016155
0.75916376761
-1.42845351834
0.651563358784
-0.336313597064
-0.246323368843
-2.33059182099
1.80928383894
0.542440942027
1.43298407386
0.38427367326
1.73048202239
-2.15420239195
2.13001139305
2.46931170913
-0.107828276285
-0.0837641018897
-2.53782952236
0.459167543366
0.192834133218
-1.685710536
1.47456660444
-1.22543553279
1.84793177968
-1.33702894471
1.21151129009
-1.9610198665
0.869547170888
2.19370086987
0.971211339894
-0.311610106922
-0.0820967185909
-1.0692583048
-1.80108450947
0.160085176602
-0.718701712462
1.94985244208
1.17726994255
1.83242599153
-1.35331032129
-1.2412785426
1.26130162187
1.17184730786
-0.454425650963
0.0815587393596
0.707553099452
-0.0617451646131
2.05821381253
0.104176741398
1.68756203898
1.64644564406
-1.65519220162
-1.04613368641
0.370560928569
1.57932993383
1.90651658594
-0.0384304451971
-2.43904737419
2.35003862519
0.456171598671
-1.29540860396
1.08981099527
-2.00055434558
2.21938031831
-1.24806152559
0.14055728687
-0.177929238799
0.201676239356
-0.501695882048
0.740989453208
1.94845823109
-1.85137783331
-1.2340525219
-0.242096780258
-1.36000194163
-1.86864808932
-1.25230553866
2.47453280294
-0.730311897283
1.37727963428
0.951143399006
-0.391419043973
2.21773719713
0.623979454063
-1.98001494793
-2.23464161549
2.47208711688
2.22796542893
-0.949089206104
-1.46755845129
-1.49091123978
0.713268411018
-0.768371114618
2.28095067439
0.0707573328717
0.17213467773
-1.63075179311
-2.03587865441
0.308992630019
2.40658491009
-0.554136732532
1.09584702039
0.12400889044
2.50150983371
0.982981325682
1.99555320946
1.39469083735
0.75538835101
-2.1808676192
-0.969975571578
-2.40136847974
-1.5353738378
-0.622458853602
-0.583716218341
1.45800309713
1.65494396691
-2.43900955933
-2.02119322246
-2.11958473114
-1.67228185813
-0.691564974214
2.14052147193
-2.20777984085
1.03236671139
-0.738658208546
1.61993957187
1.75520479352
-1.26545708431
-0.229678541165
0.403664888616
1.36131812943
1.67888627323
-0.3054681335
-2.10839222987
-2.1482416439
-1.21358865757
0.435240741793
0.687602057253
-0.3958643249
2.57236074416
2.50675025208
-1.89652492356
2.12245059548
-1.48485817025
-0.282334553398
-1.31790413025
2.44453621582
-0.932525907377
2.15334404814
-2.35046951477
2.22234181348
-0.333188962748
0.500913882588
1.22254447601
0.54737294452
0.890278063994
0.884619443785
-0.548020178023
-1.6551320448
-1.34695910362
0.638941939796
-0.67035314138
-1.17885616956
-1.41432245967
1.44028110495
-0.866473454165
2.15095906146
0.496024863448
2.21195626828
1.4070716049
1.10619021939
0.867394212307
-1.91322277546
-1.89101948307
-1.74845611848
-1.39787184594
-0.363078779746
-2.02528303576
1.59289848646
2.55020087822
-1.80654725829
1.7587287862
1.57989935825
2.06283828206
-1.85946286575
-0.361247948252
1.89126438208
2.01012584745
1.01587557028
2.01254007087
-2.50627980322
-0.293751412377
1.01008303942
0.252509276619
0.183492213294
-2.31194086327
-2.23114592433
0.675733235866
0.246360247362
2.24608911248
2.53757354891
-1.13520870433
-2.02984445238
-0.159965032098
0.455304545256
1.35255055161
2.51587767994
-1.37569886437
0.771684962206
-1.62481879169
-1.24712532878
-0.150878521126
-0.689995833943
0.491516080445
0.209194888631
-0.296341267532
-1.63231550604
1.05681638861
-1.18022305769
-0.521947742982
-0.712502686269
1.25877808535
-0.371442692869
-0.564653402591
1.78712804582
2.1545945825
-2.23575580749
-0.908930503472
-1.17077598908
-2.54714243425
1.17781394322
2.27511463335
0.21834848593
1.36896180528
0.324156438518
3.76371545016
2.06457980733
-0.483111262611
1.50908254982
1.24789915163
-4.53223295439
0.485018898816
0.0238730271886
0.178317356582
0.18587085007
0.718713168499
3.33566574218
0.302104529197
1.0509542277
0.529146866889
-1.13387645408
3.39716468482
0.37354781161
-1.31840949107
9.4248899083
2.31426150362
3.28357494491
-0.940448240648
-0.105999928348
6.87821021431
-2.13064111611
5.24846998391
0.756003631939
-1.79920543189
-0.680358407978
-0.289187297778
0.948770591225
-3.59247569541
-0.318222904976
-2.61573449182
-4.42426295478
1.607480082
-0.53979093042
0.781022656507
4.17329824843
2.6698833167
-7.10011987853
2.32489620889
0.399000480442
-2.4958626442
-0.419024016704
-2.90257922848
1.15727242516
-0.887801249093
1.50349588609
-0.913525112618
-4.81367915623
0.72476012985
-4.85595312422
5.49612235398
2.57211268161
-3.36926122268
-1.00499087527
0.928672205503
1.59365924039
0.598046388261
-3.86825973525
-3.82428684851
-1.21727557316
0.0970631854367
3.53464957119
-0.31003543761
0.609837869298
6.12024679792
0.833664654377
-1.9569380215
2.89147582735
1.4562077573
0.921508741121
2.66225680502
1.08753716212
-0.480688776039
2.48459337328
-2.41413950638
-2.58201633021
-1.75925192908
-3.40237596705
-1.78161657398
-1.57510868339
1.76143122194
-4.28690116681
1.95742867611
-0.534101127311
1.63275519434
-2.37649510146
2.79927809238
-0.197959349274
-0.844974182771
-3.87665843951
-2.03562712938
0.426503816519
-1.09651318401
1.55736667044
4.75343474601
0.491147209427
-0.996504321653
-0.164947668013
5.58772216234
1.76614534792
-2.66170944389
3.82293865979
2.02451181507
-5.53325226042
5.39626282504
-1.83630962768
-0.192759681833
-5.80505353641
-0.357312740394
0.313211593573
7.11094865386
3.9877468105
5.37176192811
-1.71460143333
-6.90793334388
1.59053379998
-3.46015834467
2.81309531077
-0.264832952168
3.17653330376
-3.10165838736
5.3880050354
-4.48471795668
-3.31448179501
-3.40322768957
-1.87794720169
0.131905924477
-2.12125287846
-0.13684761116
-0.0146997089913
-1.61173018033
3.973364764
-3.30518332497
0.389797639842
-4.31920972153
1.64759417547
0.100168234837
0.925224133929
3.3088406104
-1.85514617752
1.68571506079
2.51346010621
0.156594002224
2.44924645699
1.93109800009
3.68008490023
-2.69709497601
1.07048208738
-3.74759166995
2.15316129755
-1.82434886377
-1.59581596119
-1.10124248982
2.56887343242
1.98799494483
0.133008643639
-1.67988891306
0.691387074088
-2.92452061214
-0.255346611946
0.816716462713
-2.04351150834
-0.162188366115
-0.864815667521
-1.68655379373
0.639399693952
2.7810973314
-1.17710495168
4.31416655667
-4.32570380334
1.68845043019
-1.2837353504
-3.83008233166
-2.59944255278
-3.24320173242
-3.29497944288
-0.276111539319
-1.72863308638
4.71849137339
-1.7702382785
1.72025298626
2.02059990497
1.26059558686
1.31804823069
-2.31683538884
-2.96631861846
-3.81016815688
2.12027555798
-1.98874492534
0.398130879206
2.22091803259
-1.80972030122
-0.475400020617
0.0220226079143
-1.55678845243
1.04612337287
2.53942724055
2.33033377456
1.88809760327
-0.353382633856
-1.57372388761
0.0730501273933
3.85636476744
0.890596716517
-4.69430756138
-1.37818524725
-0.734743521299
3.3192083762
-1.77911857721
-1.66551578514
4.92054462464
1.52933824819
1.63011817863
-1.57102083198
-6.52880838583
-1.99502536976
-0.438656361284
-1.76501773399
0.992520725014
1.39657476219
-2.95222513076
-3.21299764345
1.92917553854
0.970025677224
5.45933956908
-2.08037745541
-2.72916380589
-0.268204697255
-0.360577445382
-1.96232905609
3.82297730538
3.28585621195
1.04440626473
4.42616454565
1.58948347528
-2.62590802275
-0.734211865225
-0.378794407454
-0.404120034885
1.6958226796
-1.72797939929
-2.23948186769
-3.56322522473
0.0294010312073
-2.08814128349
0.33686616582
1.61630990676
-2.61098875396
-2.68017322395
2.34547813931
-0.772585628362
2.27139038524
-1.28089329036
-3.34524107376
-1.61541573895
4.20054913051
0.150569493208
3.56738859425
0.767853494619
-3.50049150461
3.52904767376
2.10800922937
-1.70035723789
1.70256340044
3.44859522564
-0.899791975492
5.55824364199
-3.08940838283
3.45133426212
-1.80981808457
-8.44868648074
2.24737817344
-3.44549163936
1.62232164451
2.93349448714
0.704691071757
-0.618321830802
-0.409435223081
-0.691997882743
1.20643833201
4.41647029955
-2.99891419489
1.54474304184
0.738240711464
-1.30982339544
-0.0210721429399
-3.79468619263
-2.86171953791
3.35203146589
0.377412906467
-2.37114814376
1.40603480244
0.474508911334
4.32108601859
-3.58692438418
0.263875500354
4.15492948606
-0.377365217107
2.9531304065
-2.78406376798
1.04189420026
1.84425899943
2.90326161039
-5.46465581374
-0.19624259573
0.601689288145
-1.47845949986
-0.497807973449
4.13664519406
4.80826939633
3.64570568802
2.95091447005
0.484623052049
-2.96140639937
-3.92770530207
2.5218312485
-5.53528512904
1.69514006225
7.58409352651
-2.2658321422
2.1719726393
-0.46854260614
-0.325604722301
1.91259924067
1.44380070495
-2.4600702823
-0.934386929186
-2.00668983074
-0.209296391263
1.88140961004
-1.38516731357
2.34410945407
2.41763223147
1.88749041949
1.93460704953
0.360012646856
1.83600370982
-0.99351568627
2.57746841136
0.763354064794
-1.37390065873
0.180495164688
-1.97492276967
2.1943451551
-1.35238213864
1.23961135352
-0.403595574715
-0.81051327863
-1.07426192505
0.305799867222
0.157565866706
0.321322702915
-2.3684101535
-1.10434018487
-1.91652349752
-1.54619316276
-0.569784350052
1.90956264784
0.195415324147
-2.12083674967
-2.34532374013
-1.62508159094
0.632573513018
1.29348906437
0.597236813158
-1.28265909495
-1.95012892129
-0.25897919205
-1.10616974253
1.25204995694
0.493620030028
-0.08050481982
-0.772656469963
-0.0321518332937
-1.26156976404
-0.854113723754
2.5457898657
1.02923177982
2.48733086946
-2.43501339105
-1.16874605534
1.73504664587
1.18835311952
-0.20203854334
1.99834724675
-0.432168311944
-1.43937865096
-0.0823502109474
-1.25011479643
-2.29119791969
-2.09150291806
1.4838770019
1.28605195827
-0.671397695479
1.11507404813
1.42890364802
0.443415588272
0.406668761472
-1.53775403631
-0.769037861792
-2.45661766158
-2.55589092286
1.33162049725
0.720059390106
1.02427981162
0.957111200005
-2.0747446303
1.08490574696
-1.09352939826
-0.500927589809
0.769406265245
-1.44149467309
0.640388087781
-0.348940181016
-0.240461060449
-2.30216460994
1.79879751827
0.524380781549
1.43825616256
0.383019430808
1.73502488044
-2.15604681127
2.12960336247
2.47289053754
-0.11314381649
-0.0714157410084
-2.52193463658
0.477077849632
0.201520966851
-1.68988034261
1.47906337099
-1.20642202008
1.84767565878
-1.32917392165
1.21414834224
-1.95513910056
0.866949543749
2.19924868199
0.999403208516
-0.303542591411
-0.0888698044714
-1.06446546643
-1.81758637934
0.160508285617
-0.705587147513
1.94903622048
1.16611295228
1.83228969254
-1.33596015979
-1.22736716668
1.25556823455
1.17426867992
-0.443950044992
0.0838190374798
0.694871303293
-0.0485241943722
2.04301857232
0.0979962852424
1.68898038405
1.63771582056
-1.65090454474
-1.05765847522
0.37874478666
1.56286174118
1.90961426305
-0.0382455968518
-2.44368775145
2.3528343154
0.459331068083
-1.29311111794
1.10602981462
-2.00244934507
2.21362335013
-1.24439952339
0.15070274959
-0.174135036214
0.200442752182
-0.518106556809
0.721249736723
1.93897745684
-1.85931257144
-1.22401004033
-0.252081623716
-1.36562100045
-1.86821394104
-1.24279886199
2.47603451719
-0.735593244417
1.38048557568
0.956562591369
-0.377912043587
2.21304956586
0.608677724262
-1.98718909036
-2.22427560607
2.46125982097
2.21880797502
-0.951733403375
-1.48374184258
-1.48004289986
0.715792984385
-0.774013579738
2.29693775333
0.0775060740669
0.182259283819
-1.62761352087
-2.02807422594
0.307181173676
2.40197658781
-0.550034786788
1.08626636081
0.11235485945
2.51746300841
0.994393686076
1.99003208331
1.36751651574
0.76005931428
-2.17587401317
-0.964218701105
-2.41301892536
-1.54350025762
-0.610151101136
-0.593422880936
1.4529080925
1.65186360535
-2.43761189601
-2.01758543534
-2.1094511739
-1.67905513281
-0.689641794204
2.14104042873
-2.20247512157
1.02494115685
-0.752395327034
1.62420557666
1.75376454327
-1.26178032159
-0.220877065131
0.408518933661
1.35483467184
1.68020351622
-0.317506930334
-2.10236307686
-2.15322607936
-1.2139415723
0.430113219903
0.692564471027
-0.378153268376
2.55973559891
2.51481587772
-1.9010518328
2.12650213818
-1.47964115306
-0.284963324899
-1.31565084949
2.44700302276
-0.934403591094
2.15832878841
-2.35278965639
2.23870311673
-0.340825506928
0.494590309534
1.23725141693
0.536643228139
0.901267292181
0.910179210953
-0.555573135733
-1.65614527829
-1.36626877568
0.62930170788
-0.688924959553
-1.18798855872
-1.40534947939
1.44268154539
-0.871102713345
2.14200546126
0.489958502736
2.21103180368
1.40552969909
1.10058994521
0.865291206188
-1.93053519449
-1.8806393319
-1.74118652943
-1.38683372477
-0.36437506861
-2.01685865724
1.60125748086
2.5458392746
-1.8085485502
1.74950979671
1.57073338272
2.06163221015
-1.87246972564
-0.370888960161
1.8763513546
2.00495325588
1.01314015351
2.01328630028
-2.50924488255
-0.293680376982
1.00028723718
0.248551126404
0.190106937113
-2.28228139718
-2.23380833929
0.673352017384
0.228396478356
2.23696556678
2.55045244148
-1.1413620932
-2.02149714976
-0.159345056675
0.444333029852
1.34540195192
2.49937634244
-1.37934151566
0.772672709931
-1.63015798686
-1.24641432799
-0.148604408389
-0.697455460997
0.51181224122
0.224358563582
-0.287929715679
-1.63133186135
1.06569349753
-1.18686111316
-0.515266022168
-0.717854642828
1.27593232669
-0.354805693194
-0.569479154687
1.78671499983
2.1553195984
-2.2276022922
-0.900946208926
-1.16505780869
-2.53984425191
1.17600081492
2.27600835951
0.231987393582
1.34525276108
2.67659087503
-2.58329492549
3.87143473262
-3.08697337264
-1.67855492317
6.43833746703
6.43392426398
-2.96418838118
6.55291920349
2.11308738105
3.99285153966
-2.83703952352
-3.83145328842
2.07627724465
-2.79066289358
1.87317074888
-2.70637306611
-6.07697242282
4.98125132511
0.710068936634
-2.06532556798
-3.68973235797
0.0712811292165
1.20640178471
1.36873615524
0.554802110214
-0.323753444345
2.05373323674
-2.76012406028
-4.63532784096
1.3860371366
1.42829335197
0.863050077093
-1.41806972869
-1.51058478439
-4.95143999213
-0.0551560757926
-0.74895139506
2.4319613437
-3.44226951714
-3.95276177751
2.83470412789
-2.40225946425
-1.27925339889
-2.7670083996
-2.61564838887
1.881581525
0.391973629463
2.63005379834
-0.311502119004
-1.05619834877
0.572273667636
-0.0954501467944
-2.65965143875
4.07723382555
-1.36785326804
-3.9188164617
-0.0273999041909
-1.40658967667
-0.192830528894
-1.86798714399
2.19496246456
1.1196842155
0.593267222276
-1.59117984413
-1.07870604735
1.00415579131
0.560454919689
-2.99710916032
-1.81425942243
1.96284958256
1.27129257932
1.10907853356
-4.21673235419
1.48767986539
-1.09994704032
0.700284727541
-2.89808277559
-0.143097009922
-3.64924535843
-2.79275213873
-5.25680511055
-0.323857582107
-2.52104350029
3.92201996578
-4.95261759377
1.50201310683
1.64414451339
-3.10257160412
-2.10973391893
1.16785947096
-2.99465723685
-2.03971388501
-1.07171728095
-0.516281326162
-0.14003184245
-2.06710401894
1.9285645428
-1.02145526844
3.27136853053
0.593513110273
2.2509820546
-3.3760182904
-2.45886671411
3.41897143599
7.18051237608
-1.68523143032
0.821635618181
5.47984544047
-1.89262578303
-4.5270929605
-4.61380248643
-0.672705477949
4.46083477178
-3.76965289097
-1.32351296121
1.09077819294
-5.32768056617
-2.17059026743
-3.53395353038
-1.02738621789
3.82592389561
-5.37097959774
0.635428901461
-0.549498676022
2.88006135212
-0.0253164510633
-1.59793936771
-1.58818952932
-0.495223432594
6.01481162872
-0.6062377075
4.8627745755
-2.76634916039
3.55912785617
2.69877691097
0.0370000376609
-2.04054049608
-4.06675565592
0.254967009395
-0.924286894295
2.0338131095
0.648459410877
2.61082057219
1.77082405258
1.10303718217
0.962347615744
2.91225660658
2.14188962038
-3.45405895023
0.392235588778
-1.74643681615
0.463678251081
0.0302981358992
-1.81627634056
3.29738926015
3.52483160531
0.864690777173
0.806634776665
-0.162350173216
-0.47602642075
3.23722713136
-0.68794637924
-0.0325049955215
1.7489530054
3.7529409423
5.73189560252
0.12109397129
0.381904803983
-1.3792754302
2.9589678713
1.77902151412
-4.68884509143
1.20368140538
-1.14718636991
0.493182512532
0.584135811233
1.70523983381
-0.690538084562
-3.19597023931
0.632779257092
2.85912655144
1.38747356386
1.37884741841
-2.74441029512
3.23309573012
2.96755067939
-0.933739357889
-4.68243017179
1.66080418848
0.38907613954
2.41912529307
3.52847246187
-1.13941414925
3.2746034874
-2.63577959231
1.7992042242
4.67301651144
-0.453040253797
-0.310787458138
-1.6560639817
-1.48342672033
-1.53852977407
-0.832784157699
2.41369587625
2.33718022687
1.47661140731
-4.32821343199
-6.7843910701
2.76920282461
-7.47149674058
-1.86026026106
-3.71033164227
-2.98867906858
-1.64275234846
2.71803561668
-2.17747623418
1.98419583498
1.70058494823
-3.40191933844
-0.769928868227
0.829652334762
-2.90019265504
1.03572988125
-1.6530074531
-4.18286031829
5.67234719899
-0.867262338903
1.73235017009
-3.51141832956
2.62278985221
-5.18419731801
-1.40598097358
-4.89476238167
-2.78013196488
-2.66281688895
1.35692080262
-1.85126413219
-0.869519329005
3.81083493504
0.133939446145
-3.63759710833
0.189563316563
0.712678712117
-2.25438715436
0.0616352266305
-1.0685803298
-0.886727931065
1.61733431627
7.09266278061
-0.723409223389
5.36253956904
2.8461002008
-1.18748933182
2.14074828421
1.26981401431
-1.45162304632
3.69098355726
-2.6018264139
-0.453735661362
-1.06101173589
-0.527772337752
0.194142559374
-1.48057523705
-0.484401519939
0.863717407864
1.71090556713
-3.78269905728
3.87603520564
-2.94569903574
-0.541875807042
3.83472770793
5.56452649464
1.34780480466
-2.0621850294
3.28124968781
-1.50999283218
3.01916438793
-2.0665778817
2.29861109464
-5.78160360161
5.99738401069
4.86911392222
0.697638788946
2.19462959667
-1.52531445983
5.20355721641
0.603419485341
0.762119566047
0.726213832025
3.59090220296
-2.87773506566
-1.11386165065
1.70873814062
4.35338677005
-0.0491278420718
0.911292015224
-1.25175313484
-0.471006042352
-2.50541892939
-2.06275957433
-6.0606140683
1.94488543749
0.207361466099
3.42853421874
0.767117988779
0.916704745856
-0.17718385327
-3.4027526564
-2.2963958739
-2.80015069108
1.11371927479
-3.10994066821
1.56102581724
2.14813162935
2.23650645683
4.59901934221
-7.67946418718
3.13919159863
5.04092220759
-2.05847057254
4.62407426421
-0.0806282336839
1.90878876786
-2.27430545766
2.17666809305
-0.460656215936
-0.322294410369
1.91599551194
1.44017902962
-2.46708826418
-0.925750282165
-2.01574056869
-0.212787923354
1.86876349256
-1.39755267265
2.33913861558
2.41525825866
1.87475661732
1.94404580286
0.357840370813
1.83642636414
-1.00295472975
2.55274076595
0.754224500422
-1.38172939249
0.192179134629
-1.98406603645
2.19568813456
-1.34955573782
1.24723796331
-0.416266229362
-0.803121384088
-1.06507429595
0.31063726501
0.168577789304
0.326300420181
-2.38545789257
-1.10907117559
-1.91691285532
-1.55056677802
-0.563094509863
1.92243933199
0.201882318563
-2.09556008339
-2.35038688887
-1.64138466893
0.628914152534
1.29177438959
0.59539677496
-1.28063497983
-1.93191391993
-0.245978975028
-1.1085140843
1.24157265383
0.489981513692
-0.0820083524074
-0.777920061749
-0.0260095285576
-1.2422179098
-0.840373120161
2.55718372375
1.01826650188
2.4859604922
-2.42496546182
-1.16363303629
1.7441086638
1.18776645983
-0.197610199454
2.00165099885
-0.444094193767
-1.45524138535
-0.0854969419402
-1.25904357663
-2.28875912471
-2.11507209918
1.48316920056
1.28574063826
-0.682773760735
1.13220640604
1.4211368555
0.443660421152
0.39617164223
-1.54168276848
-0.76843387812
-2.45534198016
-2.56121306972
1.33016943
0.717463452276
1.02165928317
0.947394837772
-2.0682528476
1.07072326572
-1.07512260274
-0.499702414784
0.76937756314
-1.45128170598
0.649226677579
-0.341641919124
-0.246006095642
-2.30870904435
1.78868305813
0.539700002796
1.43538863292
0.372186624649
1.72875859549
-2.15266888253
2.13095891176
2.47543958574
-0.117318723522
-0.0804826733135
-2.53541329975
0.473859937856
0.196212525132
-1.69191693195
1.48131500745
-1.21430114333
1.84217925157
-1.34279814188
1.20309246936
-1.9493361692
0.885200044437
2.20843991632
0.991067639913
-0.310715681027
-0.0910191246178
-1.05998406278
-1.81999710095
0.140726074994
-0.706343598302
1.93562900545
1.17405861334
1.84029617383
-1.34201964031
-1.23104894509
1.27578332343
1.18093857165
-0.438943820286
0.0667987950663
0.695338021946
-0.0325572724254
2.03076092555
0.0886501538716
1.67702609078
1.64360394676
-1.6487291864
-1.05871693187
0.35069556636
1.55101504696
1.91524525017
-0.0301337490237
-2.45696368549
2.3555134446
0.466384867201
-1.29906599767
1.09531378009
-1.98437600287
2.22369925127
-1.24238694477
0.160939814091
-0.162148779532
0.198837498191
-0.527656364212
0.712079604572
1.9403610269
-1.84775162825
-1.23680045708
-0.237562278333
-1.37721116085
-1.87618098012
-1.24541018833
2.4795269935
-0.734506023349
1.36994615356
0.957609540931
-0.386602982687
2.21737579459
0.593963028915
-1.99815157777
-2.23122902492
2.4700339536
2.22993916438
-0.956869761919
-1.48090578269
-1.49733484271
0.709063071402
-0.762119310626
2.2951213027
0.0834649958286
0.180234820812
-1.64044840211
-2.03250030858
0.29683174688
2.40716833397
-0.563885006119
1.08983909771
0.12798463857
2.51221689417
0.983807560764
1.98823986282
1.36175033855
0.758320078877
-2.18429662133
-0.989400983827
-2.41990543773
-1.51931979356
-0.622208500212
-0.592293286333
1.46122781125
1.64484612011
-2.44229110528
-2.0201598145
-2.11767136386
-1.67971749414
-0.666874358836
2.13293156283
-2.2086489961
1.02153241918
-0.750097708831
1.63544197844
1.74763500002
-1.26216385694
-0.223584071939
0.400957113206
1.35251479283
1.68018366277
-0.3150459195
-2.09812245085
-2.16586842192
-1.2190669465
0.418745768225
0.695870732717
-0.384924934129
2.56066417891
2.52097604411
-1.88896283409
2.14374899889
-1.47631534574
-0.299758697323
-1.30683220766
2.45802146073
-0.918907844225
2.13928588185
-2.35996584067
2.23872315722
-0.333721344506
0.508961804219
1.22550090922
0.531032954992
0.894184911929
0.910487024408
-0.548789453376
-1.67601039103
-1.37545982652
0.624425139276
-0.687012545568
-1.18635595862
-1.38531452515
1.44176295681
-0.86922299118
2.14108020786
0.465843189238
2.2143952117
1.38308596833
1.10264218588
0.868545907617
-1.9298888506
-1.8982408566
-1.74193275256
-1.39413538746
-0.359475642239
-2.02426061597
1.59758907032
2.5401554222
-1.79533246696
1.75566108449
1.57671040094
2.07648693727
-1.87970947556
-0.356574042525
1.87519882136
2.00537752673
1.02789843033
2.0166337756
-2.51525213922
-0.31216261236
0.995642993808
0.243308603033
0.194291909079
-2.28374714519
-2.2216187067
0.657854413852
0.231665258882
2.24007693264
2.5264084505
-1.13583820842
-2.02413792155
-0.151461056436
0.432134669572
1.33366932044
2.51915764279
-1.380388991
0.777626400905
-1.62551240776
-1.240219866
-0.15716814569
-0.694055012048
0.520493824718
0.228655808208
-0.284720905989
-1.62489478762
1.08209634821
-1.18466286766
-0.519914437928
-0.717258892168
1.28222817586
-0.355926471406
-0.546367726886
1.78327572349
2.16044958632
-2.23884126626
-0.905174314949
-1.15934674323
-2.54387369029
1.18695331064
2.27809328329
0.233593355988
1.34549397521
3.9684941298
2.39947070544
-2.87427461922
1.09209464862
-4.30812541464
1.28968552897
-0.7844291718
-2.56377479987
2.34230493485
-4.04462036359
1.88502707752
-4.26572216871
-1.40601784552
-1.84772209199
5.68975941416
3.31790316916
4.28300244111
0.746154176295
-0.275508928583
-2.67347879662
0.493524584388
0.795520002399
3.07888202507
4.90839953129
-0.294380910223
0.764855837704
0.896606007343
-0.0705832293404
-1.79312332863
-3.83032019753
-0.582441121054
1.73596629559
1.86088712322
2.63493320449
0.0944109138833
-1.00787024776
-2.25090501608
4.36143170806
1.21745513072
-1.07228654598
-1.10069993788
1.07674512448
-3.99331049988
-5.33729862295
-0.869530045542
0.15411117929
-3.77327313526
-2.67496912778
1.30569210982
0.634263009395
3.87582120345
0.804305562641
2.63146545149
-0.314250700221
3.69365670554
-2.37432168644
-3.25843736708
-0.0666993886037
2.51317841042
3.42801177163
4.88873416244
1.42246760943
-0.858287400386
-1.596574974
-2.6685785872
2.4383718691
0.569243136452
0.428777682292
-1.43810061642
-0.0759221552098
-5.62367842704
-2.04624288431
0.276241569241
-1.72637338972
0.226104039365
2.60980674282
-0.764989192804
1.34456819107
2.94858500319
-2.44204246869
-0.505287097866
0.597962750944
4.29545454763
-3.82767285869
-7.75818456731
-0.660069236194
0.586713692721
-1.6435230933
0.0321997867903
1.09483761643
1.13330642743
-1.10883453687
0.710460048818
-2.64506597896
-4.3315839585
2.05058017367
1.3333258951
0.163089407782
2.35336653981
0.211024084105
1.72949670595
4.14682503812
1.24234282481
-0.8607983884
-1.77960830434
2.29106983403
1.7468840605
-0.10448271715
1.84286891701
4.03936944859
0.836013103948
-4.72521972929
1.95871080206
3.11151802644
2.6457427815
1.51609560392
-0.600683209701
-1.4831610644
-0.883945436372
2.45027528763
1.03705677624
-1.75702937874
-4.64727869016
-1.15646943668
1.43596590618
-2.52448230608
-1.48781194068
-1.08040978003
1.95665320989
2.66176421553
0.681509760995
-1.28952414751
-2.82038595124
-1.05658097333
0.447039967036
-2.41545721719
-1.15775247866
-0.400767837719
-0.0399130965853
4.02116247079
1.22152982654
0.691412144231
1.36848446858
-2.0003795728
-3.1957442801
2.22926586756
-5.55029836835
-1.61619780164
-3.27207981104
-0.115514937403
-2.86031265048
4.381194544
-1.1166740043
-2.39586115711
0.363582830522
-2.3618042308
-4.98935083831
5.06727879373
1.73316894191
0.422065046726
2.00655668974
-1.86137258069
2.45165001903
1.98059689819
-5.06122301237
4.59735790211
0.112960802501
4.95976647168
-0.588190400443
3.63865821358
2.70087395022
-1.89593566327
-1.49222270573
3.31963934478
-0.0197116850554
0.235876180589
0.945828918125
-2.79097237846
-0.998070272176
1.12747073796
1.86879730421
0.952923599587
-1.68923851039
1.39702118856
-0.663862100804
3.44425561862
3.92044606237
3.78456473412
2.76101163081
2.73596548764
-1.45208110223
-0.294046745329
1.37840140676
0.358142131743
2.15623648968
-2.59853051091
-2.99409617612
-0.610380691941
-2.38727302955
-2.13490835
-2.53238147558
-1.75718557721
-2.94369868221
-4.99309701592
1.20881542463
-1.27640933975
2.65658625711
4.34470599065
0.353494719094
-1.44873871958
-0.0940578677302
-3.41576485946
-1.86341955451
-4.10857433297
-1.41306674618
1.97607526179
-3.46708058574
0.103131940087
-2.75300999336
-3.86121601999
-4.82971524903
0.155064218668
0.233979411136
-3.42118996953
1.45624559408
-5.47848480842
-2.71243145261
6.19573151531
-1.52194628911
-3.22275082887
1.37831443508
-3.1581264025
3.63605532631
4.28136255618
1.30845042552
-0.734556108106
-2.81192415526
1.50100425393
-0.128893468217
-1.45699783095
-0.626469076958
3.13004660053
-3.29200458197
0.680046365759
0.19840140344
3.42378672249
-2.5960500355
-2.78302699367
0.724625526245
0.210594716763
3.04020315114
4.75886253403
0.358967309376
1.69777059417
3.48521786738
4.71030731729
0.758972385919
4.72044744981
-2.53284865633
-2.42497985938
1.82227940188
1.58746659717
-1.62082344644
-0.303384485975
-1.31512413032
-1.16119771957
-3.77705481126
-2.43707693702
-4.6764694334
-1.78815835897
-1.17832337407
0.748237179726
3.17396635888
-4.36676496097
4.04461471465
-3.74409942586
6.01103356853
0.961708183604
1.43661281307
2.75056658146
-4.49353532116
-0.381707618412
2.68653556344
-1.3114299272
0.280644712085
3.54492646998
-2.74587605315
2.72611194868
0.139861508301
-0.450918176188
3.12864279982
-1.02724660308
0.126629089857
-1.93337381083
-2.37343579931
-1.38142353336
0.536353540093
-4.16450817759
2.03204338936
-1.04190801237
3.09831831401
-1.76380512561
-3.60396487667
-3.31488411744
-2.2758480847
0.860958675859
-6.65304362024
0.174579278775
-5.04274067132
3.2733136744
-4.28955324663
1.3506818598
-1.51667164865
-2.88834500511
4.9387425525
3.1822222838
-0.592311450784
1.19310758258
5.04058974601
1.77312822151
3.25029757542
5.78516578635
2.89617022513
1.28589152655
-2.28941587938
2.17764582928
-0.468340332271
-0.342268191264
1.9276060833
1.4392321636
-2.46703706297
-0.92897365156
-2.0139293141
-0.210189331159
1.84673674792
-1.41722137841
2.35496361679
2.41162698692
1.86866826882
1.93471471584
0.370084044177
1.81892164663
-0.985075655586
2.55269113099
0.744926139821
-1.39068503274
0.181696697887
-1.97213156708
2.18604661275
-1.34438172377
1.24584149416
-0.420530927569
-0.799150545886
-1.07102136223
0.302218044473
0.156108410858
0.321246823285
-2.3636907366
-1.10670972823
-1.9152674547
-1.54818972626
-0.556637280172
1.92225149924
0.196601368174
-2.09882517792
-2.34858921072
-1.6323477784
0.639551991941
1.29172357503
0.602539984559
-1.29426718898
-1.94345279332
-0.254307711505
-1.09841619691
1.23351118455
0.492327888901
-0.0672210314253
-0.775248546777
-0.0209749514358
-1.23727281307
-0.828256230463
2.55674695276
1.03516818632
2.49454255351
-2.41220848596
-1.16438941644
1.74382243391
1.20313865576
-0.204451547267
2.00284952789
-0.440112430105
-1.45605698335
-0.0853038193576
-1.25706875876
-2.28753298899
-2.10612284415
1.47739386143
1.30394209947
-0.679843332028
1.13726275756
1.42735291363
0.429321620657
0.3821129136
-1.53299444932
-0.751352894562
-2.44675618076
-2.56295660737
1.32645612852
0.714261902452
1.02585691682
0.942251639835
-2.06512528943
1.07576378022
-1.06947910124
-0.517399324218
0.751069616368
-1.45080438874
0.648448885401
-0.346055069412
-0.24159186246
-2.30768009874
1.77845872186
0.53456341886
1.43684077835
0.368865815724
1.72832200955
-2.15831882519
2.13822728662
2.47660704006
-0.126820839785
-0.0750171198356
-2.54479065377
0.462324130192
0.208160008418
-1.69083539574
1.47866398607
-1.22139072209
1.83333492569
-1.34507721755
1.18568490619
-1.95901097404
0.890753696855
2.20497426928
0.968608875506
-0.314002169959
-0.0728048828413
-1.05199814122
-1.80868172323
0.143316425848
-0.715814491731
1.91890092925
1.15938441918
1.837741016
-1.3381059111
-1.23422836896
1.28354488853
1.17096747042
-0.429362293546
0.0525607073812
0.688593426993
-0.0272388350021
2.05372362718
0.0922470465336
1.66772033123
1.65306420938
-1.64745427304
-1.04716767942
0.358454920975
1.56530522527
1.90459618655
-0.030001044166
-2.45542707484
2.34460615619
0.457333855937
-1.29762369751
1.10913573191
-2.00174327168
2.21648801983
-1.23583569426
0.156736558244
-0.176397317096
0.191472993797
-0.532888187174
0.70230589143
1.94252584966
-1.83645289186
-1.24796366439
-0.219461724505
-1.38078489981
-1.87892284307
-1.24465989841
2.47274787564
-0.731408756039
1.37263289205
0.946774073699
-0.390941897808
2.21253065992
0.604398558388
-2.00246784316
-2.2163308975
2.48127019646
2.23049872436
-0.950075863045
-1.47496423156
-1.49563066522
0.717711526384
-0.768983063885
2.27795947747
0.0951550284157
0.176494510926
-1.63915614677
-2.04822588317
0.317224260158
2.40267135954
-0.561313994577
1.08817994301
0.125826968353
2.51167709435
0.977382894875
1.99034878997
1.37684828314
0.760814067403
-2.16812271789
-0.983590165342
-2.40504147473
-1.5219137715
-0.634848311786
-0.57817571651
1.45921125098
1.65957983447
-2.43534517005
-2.02134799633
-2.12025915486
-1.68155410616
-0.687763656641
2.12754601134
-2.21934565179
1.02144350098
-0.754289543286
1.64538663189
1.74720764537
-1.27042241445
-0.219740806546
0.410278514409
1.36624766814
1.68237313944
-0.29745776111
-2.10354373968
-2.15155197624
-1.22715122943
0.426525960074
0.696780491268
-0.386548927127
2.54494076762
2.52284817788
-1.89611772978
2.14573422725
-1.46446412972
-0.285505719
-1.31889034291
2.45720082117
-0.929656507488
2.13878242749
-2.36637194971
2.22474893354
-0.333846528888
0.494154769985
1.22280944267
0.539481920281
0.899321864347
0.903577943249
-0.560437217133
-1.66513646704
-1.35440261161
0.636727113244
-0.681044253385
-1.18708929736
-1.38994942806
1.43701689486
-0.867594777661
2.14751623739
0.463000584804
2.2257253182
1.39829233565
1.10839531804
0.868139413796
-1.92540058923
-1.89660725158
-1.73811940082
-1.39194832662
-0.357220768871
-2.02350986536
1.6056477408
2.54920198357
-1.79945195611
1.75173327573
1.58738893556
2.07345107785
-1.87864473824
-0.351043686907
1.87163590245
2.02842271259
1.01785619194
2.03256421352
-2.52683672898
-0.311658683404
0.996124660558
0.234689914983
0.191636650911
-2.28366284224
-2.22635595746
0.65465482801
0.228696014146
2.22734137268
2.53352645413
-1.14344259786
-2.03160608673
-0.15964343506
0.420343493952
1.3355115855
2.5101282207
-1.37512142505
0.772003673164
-1.62392435713
-1.24900082302
-0.158248008668
-0.693063695876
0.522590524419
0.223435001874
-0.286848507564
-1.62366794449
1.07560537683
-1.19153173461
-0.529401092124
-0.72385636939
1.27923852814
-0.343576837527
-0.562798830383
1.78562370219
2.15189764187
-2.25118692161
-0.909960036926
-1.1560600076
-2.52899406376
1.20708465739
2.26570339321
0.23014337329
1.36061717441
0.356601404694
-2.63455210974
0.446325870345
-2.22950106744
0.172512017523
0.733575800079
-1.36583143985
5.31225211183
1.60587273343
1.10028388697
1.93774260513
4.96247309687
-1.40536698963
-1.17079690363
-0.433888073358
4.32687158438
-1.67566807344
-0.88326657028
-0.350782604537
-2.95114322224
5.26645484261
2.04099304365
-1.84420212289
-3.92113461766
-2.77609878973
-0.268824911658
-1.48572374888
-1.05180594362
1.36444568481
-4.172984634
4.12637641309
0.634014855115
2.51605270767
0.521844975326
1.46033695818
3.1130041931
4.44218414667
-1.24487580148
-2.97245150635
-1.00946547132
3.57782265964
4.72938902877
1.61041232911
1.94909996291
-1.15152206572
1.29425105714
-0.274815946958
4.50782303952
-3.71605402525
-3.24119519821
-3.18727564847
-4.27009158483
2.59630355584
-3.00536733208
-5.63691384825
-1.66678378148
-0.162620101
-2.70765866384
-1.14960587016
2.3944359736
-4.23618327053
-4.26933184482
-3.48602224228
0.312728292085
1.97803946539
-0.609379650353
5.57854810573
4.164944217
-3.30917394743
-1.16867773104
-1.44066330789
5.71584983866
0.437857991222
-0.990658266218
-2.49992641165
0.303006126013
-0.691598873045
2.85943931373
-1.2307348047
1.75638611805
-2.95601307807
2.61200318413
1.09738044359
-2.89113710678
3.04741598354
5.22380997757
-2.17106506346
-2.798006988
0.953871545789
3.03909413111
-1.88780253025
-0.0827087932464
-3.66771186174
0.967759514139
1.98255503274
1.26013232033
-1.93463994821
3.5007388335
-4.35543671248
0.142438778449
3.0913499725
-1.49409859106
3.84506328122
-0.590426839751
4.13079117365
-1.24777145327
2.21995947328
-3.64827146834
-2.54920020007
-0.716255278987
0.655156709313
-0.455580990415
0.45176844884
-3.41831094576
-0.824632579294
-0.356093967192
-1.93856551594
0.580372491384
-0.780225726694
-0.186518656341
1.3637344659
0.739017339406
0.127414583152
1.75340302095
3.56224982064
2.32808880166
-2.91421931831
-2.36893728993
-0.382513415733
1.56024544222
-3.42952411969
-4.4419666215
-2.8610087459
-1.39928623479
3.13457605202
-2.03507738447
-1.38665555966
-1.21883496948
0.262505446225
0.764968364206
0.992149670153
5.01707561362
-3.51955172134
1.85265733949
-4.44739724694
-0.221725079603
-0.250081415188
-7.54268329107
0.459122477144
-2.15308637542
-3.81371863601
0.413753382096
-1.3247538037
-1.07607368886
1.70438763999
-3.30434056645
3.7478493413
0.706768924145
-3.64695586054
-4.53149703795
-1.03130028395
1.4443780263
4.92268275555
1.34218162047
2.8450963152
0.1738710656
-3.98113681343
1.41457498461
0.844657171246
-0.57031406042
-4.8918168956
4.17648314584
2.4487153699
-1.60235151062
-2.95506053666
-0.235753017601
0.614117632987
-2.64532304014
0.112435571683
4.43944130793
4.56835809001
1.64529299628
-0.0418338457974
6.60942777443
-2.45196722684
-2.96887027415
0.827900495286
-0.880004551378
0.876565731129
5.96829771584
-1.61884497387
-2.59203349932
-2.45901621915
-3.32575587647
-1.04448853566
-1.15603295948
-2.00637661121
-1.33999439464
0.829889281497
2.29351759864
-0.376978713091
7.84805044403
-4.82465584369
0.549696536761
-1.90725745765
4.27472577262
2.81100075457
-2.30024706325
-1.96350027558
1.16154753142
-1.03231665261
3.75823954865
-0.179766115484
3.75222085533
-1.23971631844
-4.71181306565
1.72602994919
3.31119754385
0.306231231522
-1.7439822576
-2.29529372895
3.85091907033
-4.13027170728
1.62217034142
4.70996826697
-1.26804718173
3.63574928813
-1.02854027123
0.373830715093
-6.53992854003
2.66781526575
-0.99720916588
4.84130661536
-0.915257853295
0.220809863679
1.74806930849
-2.02087535002
0.113760569233
0.128199628783
-3.85223670993
-1.32642983907
0.984819828376
-5.33309057073
1.12433152343
-3.42885075414
0.0934335804039
2.49186275995
3.6134359889
0.784192334433
-1.16054848382
-2.05900498091
1.31226411011
1.17696098978
-4.13302644153
-1.89058447067
1.61245578049
-0.712676460025
-4.34787847732
1.30529211537
0.396162880737
-3.49654832452
0.160319339947
-2.14914978041
-2.22280965879
-6.33247993472
2.8472866021
1.00560903429
1.4027068984
3.55660341769
0.456452893532
0.0939987659684
2.15300245767
-1.43763187404
4.28750335926
-0.481998528518
-1.56512338732
-1.87978151047
5.07675969094
-4.1554797961
-0.160059719425
-6.41949612128
5.10413216843
-0.401851407324
2.44460848982
-0.657952069368
1.6177104327
-0.811200531288
2.70998731304
2.85561935794
-1.20433692205
4.79626513532
3.50981192179
-0.519234322767
1.58558807603
-5.05947162906
-1.31365250171
-1.54048636035
3.6688786398
-0.835121217785
2.72581304601
0.730710610741
-0.499989253531
1.00035414764
-3.08729980998
2.87195223109
-1.14011313838
4.68141169149
1.70694191435
0.465708751893
3.11793970786
-4.53103790085
1.07534031529
-1.94962044721
-5.92672816372
4.62041722865
-0.366447695743
2.03685941764
-3.82343217936
-0.917658735761
-0.502668081445
1.46897045826
-5.3190907112
-2.93966658688
0.887822699685
