3.156906805
2.884792237
2.21390564
1.426484421
0.7381786123
0.2451424632
-0.04649046303
-0.1780382354
-0.2056053344
-0.1802084089
-0.1386096337
-0.1016404452
-0.07697200498
-0.06393590419
-0.05815085287
-0.05484640906
-0.05087473115
-0.04519796261
-0.03822218256
-0.03089900067
-0.02418469068
-0.01876601383
-0.01492674688
-0.01245600517
-0.01072678701
-0.009101521043
-0.007259063078
-0.005178986201
-0.003005339016
-0.0008563585898
0.001309451046
0.003470877362
0.005351134738
0.006507327417
0.00655324324
0.005407029566
0.003452976463
0.001298168718
-0.0006562893156
-0.00229107413
-0.003622784298
-0.004709367654
-0.005568842852
-0.006191779611
-0.006685550617
-0.007327390766
-0.008335599643
-0.00952822645
-0.01033763707
-0.01021571541
-0.008974330243
-0.006852717437
-0.004489673452
-0.002696142581
-0.002028383468
-0.002409121948
-0.003113026875
-0.003298205345
-0.002634879504
-0.001446508839
-0.0003077833796
0.0004084275059
0.0006462927209
0.0005000708034
3.715314928e-05
-0.0007249006296
-0.001567988063
-0.002111065244
-0.002208204079
-0.002021578327
-0.001791799007
-0.001447023525
-0.000591555698
0.0009878010185
0.002979784116
0.00463531375
0.005172225691
0.004222220781
0.002097322064
-0.0003167211368
-0.001915501061
-0.001871535173
-3.569574283e-05
0.002994566157
0.006175398149
0.008474051666
0.009234079064
0.008282096306
0.005863301041
0.002520959658
-0.001028454859
-0.004119269599
-0.006357788699
-0.007608458374
-0.007949337578
-0.00754533816
-0.006563099812
-0.005201927713
-0.003658288791
-0.002062097656
-0.0005342610587
0.0007149652545
0.001439706145
0.001533891046
0.00113936965
0.0006255095546
0.0003726808922
0.0005328374527
0.000992358259
0.001410838901
0.001409399047
0.0008344621293
-0.0001862186627
-0.001332935815
-0.002300215595
-0.002998704605
-0.003504742791
-0.003882826896
-0.004109803141
-0.004154967496
-0.004028643704
-0.003699747381
-0.003106132672
-0.00234861849
-0.001644802478
-0.001138036716
-0.0007876973839
-0.0003778182501
0.0003644208208
0.001651212743
0.003439284851
0.005408296952
0.007134892341
0.008236254168
0.008426631505
0.007602320548
0.005894211551
0.003589930479
0.001003067703
-0.001441333195
-0.003211382891
-0.004025769785
-0.004019523046
-0.003524109329
-0.002886471364
-0.002365630187
-0.00196746227
-0.001531795962
-0.001019504373
-0.0006420158693
-0.0007428636087
-0.001447475838
-0.002366781794
-0.002886765729
-0.002773489591
-0.002242214427
-0.001553796206
-0.0007730036441
0.0001843580942
0.001297012686
0.002223987475
0.002561800198
0.002287762837
0.001753917911
0.001336110217
0.001295436758
0.00179795071
0.002870062328
0.004230424803
0.005230212316
0.005297099256
0.004429983078
0.003109420166
0.001886399815
0.001173166779
0.001207882148
0.001966951453
0.003070919573
0.003872905583
0.003808793287
0.002701994902
0.0008247758928
-0.001243041796
-0.0028872638
-0.003780353478
-0.00402202321
-0.003946012315
-0.003755649717
-0.003411632474
-0.002880344998
-0.002250519107
-0.001588558167
-0.0008558062374
-7.208086978e-05
0.0005943333698
0.001099366231
0.001695656812
0.002651643933
0.003953936622
0.005349303606
0.006488699744
0.007078003179
0.006985806379
0.006316954286
0.005349261608
0.004303711498
0.003251644105
0.00217505844
0.00110358527
0.0001807917406
-0.0004259930921
-0.0005967228443
-0.0002841720733
0.0004254018345
0.001274015722
0.002012446131
0.002613089653
0.003222435444
0.004011485774
0.004999707792
0.005978556252
0.006615876666
0.006657627003
0.006099036562
0.005109366903
0.003781321678
0.002188058211
0.0005801353988
-0.0007167098375
-0.001522803659
-0.001933906481
-0.002281143341
-0.002916953909
-0.003945044555
-0.005054659912
-0.005692922363
-0.005440907785
-0.004243327639
-0.002414929064
-0.000474929846
0.00101348732
0.001646198
0.001436825058
0.0008265205811
0.0003713097006
0.0003918569912
0.0008931196987
0.001676112017
0.002433831915
0.002952038951
0.003181711458
0.003076354679
0.00251931788
0.001510469214
0.0003846498777
-0.0003406646384
-0.0003442831663
0.0003841830948
0.00158648784
0.002793546686
0.003548667314
0.003668158712
0.003285713874
0.002697859329
0.002111983002
0.001598969978
0.001182831256
0.0008968608603
0.0008009688423
0.00091772639
0.001126468354
0.001171275486
0.0007118036457
-0.000486316334
-0.002347794116
-0.004435292466
-0.006142730288
-0.007000929546
-0.007002744777
-0.006622493493
-0.00639534637
-0.006501521093
-0.006832379945
-0.007277783463
-0.007701648266
-0.007799583477
-0.007293940167
-0.006217767802
-0.004920205363
-0.003779232441
-0.002867742952
-0.001980067312
-0.0009041435681
0.0003077715268
0.001272247339
0.001526098716
0.0009734614834
-5.233080995e-06
-0.0008654825682
-0.001231660559
-0.0009723913477
-0.0001327374193
0.001105269998
0.002586335183
0.004250281528
0.005930282765
0.007293526382
0.007977852337
0.007729677418
0.006523426759
0.004515359221
0.001974483584
-0.0007364026259
-0.003261541561
-0.005235188968
-0.006258287634
-0.006065552874
-0.004784433468
-0.002874979447
-0.0009154262212
0.0005482029551
0.001245769166
0.001255650783
0.0009034167398
0.0005374789875
0.0002673008717
-8.460571951e-05
-0.0008148687526
-0.002088902781
-0.003793770125
-0.005565745362
-0.006953570288
-0.007648582728
-0.007593610036
-0.006994126394
-0.006144843433
-0.005258622949
-0.00449497681
-0.004023622685
-0.004001853543
-0.004472028412
-0.005228216238
-0.005778361896
-0.005615326404
-0.004555004304
-0.002754522249
-0.0005279448333
0.001617956812
0.003064926889
0.003489505108
0.003029750302
0.001991437553
0.0006281838963
-0.00082745822
-0.002122936429
-0.003015314004
-0.003344491171
-0.003214222775
-0.002950354689
-0.002880245559
-0.003210278373
-0.003961148992
-0.004917439943
-0.005646692679
-0.005624114795
-0.004503987444
-0.002379016851
0.0003020667561
0.003050102068
0.005426199965
0.007115364975
0.007946419178
0.007804122931
0.006740685788
0.005034952853
0.003024479067
0.0009567445778
-0.0009714102591
-0.00255193229
-0.003582870866
-0.003885733483
-0.003401577924
-0.002179714295
-0.0003795326732
0.001611932041
0.003296732326
0.004330231261
0.004619655607
0.004241693365
0.003375403018
0.002340697666
0.001468566775
0.0009017837321
0.0005801866092
0.00032484903
7.849666005e-06
-0.0004434248872
-0.001183095784
-0.00241136278
-0.004102591918
-0.00578291198
-0.006767347714
-0.006703862496
-0.005795585765
-0.004488832987
-0.003205444406
-0.002283727272
-0.001806928902
-0.001541675205
-0.001254485788
-0.0009625889076
-0.0008509876183
-0.001143990599
-0.001909407726
-0.002886739654
-0.003692479711
-0.004133020421
-0.004320878954
-0.004533073823
-0.0048952699
-0.005194369365
-0.005063543606
-0.004294599044
-0.002939676399
-0.001259908276
0.000440717515
0.001908667202
0.002942938315
0.003407854066
0.003247286305
0.002551527514
0.00162394635
0.000780721501
0.0001574402461
-0.000217653336
-0.0003112151097
-0.0001125138274
0.0002489777534
0.000568712835
0.0007441112144
0.0008553846643
0.00110326284
0.001589129609
0.002105341339
0.002334412931
0.002265535937
0.002169940507
0.00222529641
0.002292854101
0.002006666908
0.001095041073
-0.0003111933395
-0.001616112986
-0.002117351354
-0.001542813152
-0.0001849905283
0.001458553879
0.002962381615
0.003967966632
0.004217818566
0.003608156285
0.002187778308
0.0001859299624
-0.001914526744
-0.003447341861
-0.003934855041
-0.003450121916
-0.00244703552
-0.001267576712
1.691863633e-05
0.001430378452
0.002966310574
0.004593244433
0.006247051635
0.007750179314
0.008751788261
0.008875543518
0.008011613359
0.006360543262
0.004241849592
0.001982461272
-0.0001050212014
-0.001767777832
-0.002885724156
-0.003426408836
-0.003338566522
-0.002647766745
-0.00153937436
-0.0003508252802
0.0004448483114
0.0004303431618
-0.000463352939
-0.001764239655
-0.002647169392
-0.002363177779
-0.0007205616171
0.001687522642
0.003764669765
0.00461125236
0.00398978857
0.002342312855
0.0004646473048
-0.0009865340582
-0.001770335243
-0.001925764673
-0.001456981752
-0.0003148242473
0.001324260323
0.003019492754
0.004306568428
0.004763261768
0.004036254075
0.002120417947
-0.0004240871976
-0.002781471965
-0.004346821042
-0.004870361229
-0.004474805801
-0.003530172203
-0.002482821105
-0.001648098043
-0.001091012718
-0.0008002043835
-0.0009365243625
-0.001684322406
-0.002953167371
-0.004295640566
-0.005113026855
-0.004921493602
-0.003535934279
-0.001192081999
0.001565491488
0.004141236125
0.0061153698
0.00728060743
0.007571431561
0.007140919171
0.006401422743
0.005821614314
0.005579542528
0.005498079917
0.005304097169
0.004774055007
0.003762402837
0.002364406215
0.001054447741
0.0004267730825
0.0006601093333
0.001430483939
0.002267463801
0.002822651036
0.002967553203
0.002670482343
0.001842154246
0.0004083551115
-0.001460786143
-0.003299452041
-0.004524147012
-0.004717597872
-0.00390557578
-0.002466135586
-0.0008902168205
0.0003802206449
0.001084024225
0.00120144674
0.0008468548426
7.986317615e-05
-0.001156298944
-0.002834022086
-0.004632735759
-0.005966488665
-0.00625632052
-0.00521712212
-0.003039973089
-0.0004168760587
0.001817344303
0.003141481654
0.003439895623
0.002834401762
0.001551754337
-4.555285113e-05
-0.001492501757
-0.002388874885
-0.002537385354
-0.001992950488
-0.001040125352
7.394304396e-06
0.0009363476218
0.001606756346
0.00196437505
0.002023510362
0.001869980385
0.001621651936
0.001266252377
0.000634949598
-0.0002766595196
-0.001118543873
-0.001390495598
-0.0008236871486
0.0004020629627
0.001800957966
0.002885027385
0.003397982182
0.00329925997
0.002597313131
0.001377997789
-0.0001182822324
-0.001552401811
-0.002644046223
-0.003347982746
-0.003938192499
-0.004760443149
-0.005852588257
-0.006857808369
-0.007266239718
-0.006799599363
-0.005619080418
-0.004143086706
-0.002682672081
-0.00136752122
-0.0002869432651
0.0005152534713
0.001078209091
0.001513756362
0.001994364263
0.002588184445
0.003152545723
0.0034999702
0.003504902678
0.003061753148
0.002107409114
0.0007380783016
-0.0007105059051
-0.001714864304
-0.001859041095
-0.001147770193
-2.818035433e-05
0.0009298591792
0.001310689557
0.0009300494929
-0.0002300382459
-0.002086236677
-0.004287276894
-0.006132692517
-0.006910716369
-0.006330385745
-0.004635605528
-0.002366303577
-8.166580628e-05
0.001824387658
0.003161851769
0.003800343541
0.003668861062
0.002943966579
0.002073136703
0.001463841249
0.001298946924
0.001545674435
0.002018159357
0.002550036411
0.003055064994
0.003526163864
0.004015552238
0.00459052145
0.005220716077
0.00568811365
0.005631047164
0.004818288956
0.003410110372
0.001853295506
0.0005420005542
-0.0003802038402
-0.0009252378777
-0.001167620268
-0.001267125227
-0.001403520281
-0.00166905661
-0.002066779835
-0.002570333181
-0.003124322184
-0.003541682384
-0.003450241114
-0.002464274628
-0.0005329840181
0.001988301186
0.004434798692
0.006126081586
0.006760440865
0.006467147302
0.005645875507
0.004858080397
0.004596720518
0.004978991108
0.005617049473
0.005937034798
0.005613136818
0.004680321693
0.00344737513
0.002316353619
0.001550715236
0.001204619616
0.001236206289
0.001571228399
0.001981038807
0.00212955535
0.001791822051
0.0009727504795
-0.0001299253212
-0.001166484751
-0.001717998731
-0.00146668857
-0.0003759042891
0.001208549095
0.002764081981
0.003922031047
0.004532754174
0.004544410389
0.00402295797
0.003215925595
0.002415473388
0.001742567211
0.001101439824
0.0004247653021
-0.0001785649733
-0.0004987287243
-0.0003366423207
0.000360511567
0.001252978738
0.001660479294
0.001063823127
-0.0005333781719
-0.00256025505
-0.004160210801
-0.004699715049
-0.004019934617
-0.002422885817
-0.0006095090679
0.0006284363158
0.0009465205873
0.000573589935
1.769424986e-05
-0.0002022271981
0.0002213147939
0.001237663576
0.002475732761
0.003483076633
0.003926973401
0.00368795626
0.002946160555
0.002110700924
0.001655310299
0.001859490935
0.002637308078
0.003633779766
0.004490271464
0.005020521129
0.005306528181
0.00560228512
0.006061491108
0.006527148492
0.006764334183
0.006810841663
0.006941227421
0.007255958249
0.007573581476
0.007668159586
0.007288944244
0.006181262251
0.004288049084
0.001810601882
-0.0009040911825
-0.003539562498
-0.005820395096
-0.007325758933
-0.007696664253
-0.007060007749
-0.006062902511
-0.005374821342
-0.005270790268
-0.00558819115
-0.005857697236
-0.00558995836
-0.004691075138
-0.003532920849
-0.002569292681
-0.002021591143
-0.001868951017
-0.001924748515
-0.001876236831
-0.001373803127
-0.0003732426216
0.0007397640519
0.001530816434
0.001827181024
0.001629966781
0.0009523302563
-0.0001417340763
-0.001496497806
-0.002890232886
-0.004051337917
-0.004713589787
-0.004628428379
-0.00367571397
-0.002129873995
-0.000664674505
7.934923173e-05
-6.119920658e-05
-0.0006614383224
-0.001185723423
-0.001519873334
-0.001865886545
-0.002289720606
-0.002575107328
-0.002447075361
-0.001751453672
-0.0005660831814
0.0007534833703
0.001731391954
0.001990791231
0.001368867932
-1.037546592e-05
-0.001704029095
-0.003191705656
-0.00418043631
-0.004659995177
-0.004773731886
-0.004614779919
-0.004003600082
-0.002709152898
-0.0008645804528
0.00103495948
0.002485197
0.003190354922
0.00308367669
0.002284801853
0.001064941937
-0.0002731443336
-0.001541102263
-0.002641623507
-0.003441321572
-0.003812009711
-0.00379422249
-0.003513016227
-0.002991858829
-0.002233478295
-0.00133157926
-0.0003449686482
0.0007033754518
0.001666801186
0.002285184283
0.002408549619
0.002116975439
0.00167282577
0.001438548023
0.001659960263
0.002301013213
0.003151440228
0.004007783378
0.004747696045
0.005365925695
0.005940860438
0.006524547835
0.007030538311
0.00717606401
0.006621701579
0.005296628219
0.003540005064
0.001779035609
0.0002005737497
-0.001071367817
-0.001753246395
-0.001636349383
-0.0008494136712
0.0003022026673
0.001506476437
0.002533350588
0.003377475941
0.004188580379
0.00500616568
0.005580228801
0.005496904422
0.004501771107
0.002680545987
0.0004072723675
-0.001783313637
-0.003364337214
-0.003992232319
-0.003577852862
-0.002277385886
-0.0003801732066
0.001822838593
0.004077753723
0.006056647471
0.007331282936
0.007684315344
0.007206913005
0.006018390248
0.004278909066
0.002361455493
0.0007340072954
-0.0002814562044
-0.0006267189123
-0.0004126872849
0.0001482403077
0.0007914689652
0.001303274117
0.001573502983
0.001579297247
0.001345148877
0.0008525240817
2.613518566e-05
-0.001120180101
-0.002345420083
-0.00326861587
-0.003590917657
-0.003226080969
-0.002334282801
-0.001201142051
-0.0001001669171
0.0006666580776
0.0008459626255
0.0004583938821
-0.0001662890895
-0.0006472877897
-0.0008803668385
-0.0009091754326
-0.000704667144
-0.0002461562082
0.0003216261259
0.0007372442462
0.000854057944
0.0008002898852
0.0008060784273
0.0008476975144
0.0006852986893
0.0002041684562
-0.0005800659876
-0.00158794256
-0.002579395873
-0.003119871859
-0.002846726538
-0.001848631849
-0.0005771115906
0.0006975998577
0.002049057575
0.003567126392
0.00512914491
0.006402890738
0.006961931219
0.006527925295
0.005139004175
0.003201004838
0.001283409573
-0.0002886352012
-0.001509143495
-0.002468353717
-0.003201046239
-0.003613153737
-0.003491298961
-0.002776539544
-0.001757346719
-0.0008969570337
-0.0005111082162
-0.0006111769788
-0.0008571448763
-0.0008332328628
-0.0003967485821
0.0004389228751
0.00169708133
0.003324065502
0.005106176184
0.006734352218
0.007868876927
0.008224603845
0.007731752774
0.006565381244
0.005031324828
0.00347989806
0.002208593144
0.001392610527
0.0009608769725
0.000564295134
-0.0001366935204
-0.001208068417
-0.002439270177
-0.003451686062
-0.003902690603
-0.003673799468
-0.002931603979
-0.001966561677
-0.001020427792
-0.000270571603
0.00018799915
0.0003140948711
0.0001500551177
-0.0001819001316
-0.00060864509
-0.001275787196
-0.002271381008
-0.003262480032
-0.003646423569
-0.003054118268
-0.001702536977
-0.0002291690816
0.0007540108247
0.0008885425881
0.0001757753209
-0.0009423233564
-0.001798440087
-0.00185542461
-0.0009241812236
0.0007960542941
0.00261737464
0.003575714074
0.003009250771
0.000906097596
-0.002149854573
-0.005207295508
-0.007319764049
-0.007972180352
-0.007306116605
-0.006003754257
-0.004859133377
-0.004265610361
-0.004072401521
-0.003976967929
-0.003816346634
-0.003480584887
-0.002836613388
-0.00188390135
-0.0008790696184
-0.0002616884406
-0.0003198533569
-0.0009189483326
-0.001748326727
-0.00260250031
-0.003311904466
-0.003666376682
-0.003454924206
-0.002593072271
-0.001271640511
0.0001228854887
0.001332593598
0.002333128145
0.003195134365
0.004006588511
0.004870402439
0.005878535018
0.006884410202
0.00748323357
0.007305873288
0.006251672768
0.004561666058
0.002727845407
0.001292276536
0.0006648069286
0.0008792320544
0.001570162798
0.002314597765
0.002835009486
0.002948866705
0.002569766355
0.001779114856
0.0007785621005
-0.0001502745718
-0.0007560498852
-0.0009784686935
-0.001004015354
-0.001126980626
-0.001486295632
-0.002019999142
-0.00261976357
-0.003119033294
-0.003317574369
-0.003150913608
-0.002749892996
-0.002338617911
-0.002055932071
-0.001923852197
-0.001922679333
-0.001924179282
-0.001697172922
-0.001126447123
-0.0004018402514
8.041884098e-05
9.828856741e-06
-0.0005091281192
-0.0009875105334
-0.0009820388657
-0.0003270451949
0.0009132493123
0.002523269633
0.004118117758
0.005192022679
0.005352746369
0.004557241876
0.003172779019
0.0017888207
0.0009210427343
0.0007778163704
0.00123111039
0.001975733608
0.002740890581
0.00344639587
0.00409676866
0.00468804765
0.005132590151
0.005120734528
0.0043652579
0.002892121509
0.001072230161
-0.0004491204593
-0.001067354972
-0.0006952330199
0.0002215418797
0.001160051924
0.001850863704
0.002260736182
0.002434572677
0.002430042611
0.002347931244
0.002222462229
0.001910675917
0.001330720575
0.0007418875004
0.0004829243482
0.0005652518408
0.0007907183046
0.00102224737
0.001240010092
0.00151082423
0.00182155421
0.001978071587
0.001829408748
0.001453748432
0.001096253502
0.000954560073
0.0009892219917
0.0009001748974
0.0004561238082
-0.000204525303
-0.0007264618515
-0.000845297494
-0.0005154930375
9.978716421e-05
0.0007881246663
0.001474303286
0.002124932499
0.002498064189
0.002295035184
0.001549237363
0.0005760150705
-0.0002329984441
-0.0005135966938
-9.657838941e-05
0.0008667940693
0.002008371156
0.002913242667
0.003278578343
0.003038749303
0.002347957946
0.001399448833
0.0003894268208
-0.0003737526006
-0.0006285050213
-0.0004044302492
4.865774826e-05
0.0005673086583
0.001124257682
0.001542461184
0.001424207855
0.0005284508781
-0.0009036701118
-0.002302754522
-0.003170216683
-0.003250043333
-0.002521039983
-0.001253839084
6.334339625e-05
0.001070547608
0.001739048833
0.002093495438
0.002009538778
0.001421054392
0.0005066994379
-0.0004161542503
-0.001003530532
-0.0009493039731
-0.0001804710899
0.001055711869
0.002315943606
0.003109296798
0.003138441571
0.002424988457
0.00118164278
-0.0002294343786
-0.001344796013
-0.001744571462
-0.00122275153
2.573979234e-05
0.001517513823
0.002739533227
0.00332266535
0.003066964082
0.001939027086
0.0001826902322
-0.001706297527
-0.003215428203
-0.003943975548
-0.003761549222
-0.002946401575
-0.002107257603
-0.00176302454
-0.001998696142
-0.002593032326
-0.003207417865
-0.003607690536
-0.003868339978
-0.004112506717
-0.004169204232
-0.003617944291
-0.002207776809
-0.0001066809006
0.002253236411
0.004480256857
0.006395022892
0.008019951116
0.009438290616
0.01063734507
0.01146077461
0.01168399322
0.01113720423
0.009773286118
0.007693603603
0.005246380604
0.003019722774
0.001404810972
0.000283148667
-0.0006744249894
-0.001559554596
-0.002179532845
-0.002309839052
-0.001948474755
-0.001329637621
-0.0007128170519
-0.0003190292153
-0.0003136482234
-0.0007023745319
-0.001357751911
-0.002247536335
-0.003460054488
-0.004911652198
-0.006241750902
-0.007028598362
-0.00704252808
-0.006368742713
-0.005415121733
-0.004587066571
-0.004027762669
-0.003761094823
-0.003813684694
-0.004094762068
-0.00434383974
-0.004283799543
-0.003847358451
-0.003182996285
-0.002405876578
-0.001475567195
-0.0003210262605
0.0009962305343
0.002341157672
0.003569338933
0.004471944572
0.004887645547
0.004787500364
0.004303239071
0.003764337945
0.003545730222
0.003723956045
0.003900622343
0.003489308662
0.00234576239
0.0008414091418
-0.0005887631384
-0.0017141826
-0.002477102488
-0.0028722367
-0.00289515252
-0.002620666205
-0.002303205487
-0.002214556227
-0.002369126233
-0.002573802019
-0.002651135085
-0.002535659578
-0.002144052872
-0.001385337304
-0.0002745304232
0.001063867684
0.002515788299
0.004005174692
0.005395849774
0.006495937968
0.0071561795
0.00730607801
0.006962423724
0.006273332001
0.005571972392
0.00527255324
0.005566296518
0.006172847061
0.006362600128
0.005514788964
0.003685642027
0.001505503107
-0.0003374390363
-0.001463864613
-0.001783186497
-0.001453749326
-0.0008801537394
-0.0005296802759
-0.0006182558136
-0.0009737101372
-0.001171538771
-0.0007638689129
0.0004741871252
0.002436722561
0.004692992293
0.00663418455
0.007703540344
0.007599113356
0.006281395302
0.004042860755
0.001544992459
-0.000444436639
-0.001471630011
-0.001575907641
-0.001106562651
-0.0004815039648
3.056145278e-05
0.0003759062719
0.0006209535657
0.0009510795465
0.001651097841
0.002790313742
0.004055519932
0.005004443239
0.005300767261
0.004915705802
0.004048449178
0.00279799119
0.001157692733
-0.0007410768348
-0.002572938071
-0.003930270429
-0.004520828782
-0.004277287871
-0.003408004197
-0.002333536777
-0.001543264691
-0.001380581583
-0.001859299604
-0.002703383782
-0.003472976317
-0.003765438296
-0.003383121669
-0.0023725756
-0.0008875347603
0.0009737729524
0.003168449971
0.005516270782
0.007521268733
0.008592825143
0.008353955455
0.006863082105
0.004711705379
0.0027728386
0.001738483102
0.001841101793
0.002829036312
0.004103987516
0.004939085264
0.004763804332
0.003581280807
0.002000542563
0.0007671488829
0.00028267213
0.0005484535825
0.001314580943
0.002225223805
0.002963646923
0.003430852019
0.003857558772
0.004472428524
0.005077666128
0.005116701655
0.004190145781
0.002519844037
0.0008035634286
-0.0003049318296
-0.0005372636655
2.671391702e-05
0.001096022061
0.002236755416
0.002956253882
0.002875226732
0.001986783153
0.0007914992903
1.251854618e-05
6.38342388e-05
0.000829220032
0.00186311769
0.002698015984
0.003112465811
0.003147577943
0.002976544862
0.002825305044
0.002858862791
0.003122702117
0.003508216913
0.003759401086
0.003568828405
0.002724011605
0.001259464339
-0.0004217568169
-0.001758246617
-0.002402492894
-0.002409011099
-0.002183284232
-0.002068438251
-0.002082907083
-0.002146814171
-0.002236514742
-0.002401389768
-0.002750509329
-0.0032675971
-0.003725284677
-0.003853554155
-0.003442235448
-0.002504492478
-0.001426486818
-0.0006052155812
-4.749838884e-06
0.0008337934774
0.002336768263
0.004404143721
0.006375000048
0.007502638607
0.007451963404
0.00648543044
0.005264357149
0.00432987484
0.003821434543
0.003609120391
0.003496356758
0.003360399021
0.003096619107
0.002606139134
0.001935323616
0.001212687026
0.0005083721603
-0.0001507956576
-0.0008444942327
-0.001671340316
-0.00249751097
-0.002948609717
-0.002781663087
-0.002147543286
-0.001452532954
-0.001020733764
-0.0008736319343
-0.0008701413453
-0.000996022563
-0.001382028339
-0.00211428949
-0.00303705062
-0.003661569448
-0.003422561746
-0.00205102022
0.0001263207631
0.002260567355
0.003469168769
0.003423326586
0.002592693959
0.001796013826
0.001440465967
0.001323700646
0.0009310036342
-0.0001203027963
-0.001769155512
-0.003551705305
-0.004869421345
-0.005293213075
-0.004697093739
-0.003217162817
-0.001302377894
0.0004112467504
0.001391154136
0.00141810596
0.0006524726735
-0.000506329261
-0.001596476629
-0.002271882382
-0.002417585608
-0.002162339543
-0.00187591614
-0.001983947957
-0.002542847565
-0.003124564175
-0.003206567459
-0.002663555327
-0.001874638494
-0.001424473293
-0.001701230455
-0.002613896952
-0.003653550642
-0.004240814776
-0.004005433432
-0.002918657503
-0.001313924471
0.00018680109
0.0009133085711
0.0006138226768
-0.000254294534
-0.0009546558541
-0.001048787317
-0.0004400018977
0.0006459114769
0.001754400952
0.002537910061
0.002998141973
0.003304676987
0.003444990745
0.003232025373
0.002535738053
0.001514106018
0.0005349217159
-0.0002094845009
-0.0007547528282
-0.001043465265
-0.0009732302817
-0.0006827591457
-0.0005023126934
-0.0007417662185
-0.001434626899
-0.002248006456
-0.002780966533
-0.002854516069
-0.002464928985
-0.001720271752
-0.0008329680249
-4.800148169e-05
0.0004510217244
0.0005223430903
0.0001213605635
-0.000521862868
-0.0009356176095
-0.0007535663989
-6.36295478e-05
0.000676796108
0.001097406981
0.001326817067
0.001782281786
0.002529298765
0.003149263524
0.003233873725
0.002733111714
0.001879601292
0.001082566954
0.0008169205391
0.001321235901
0.00240087537
0.003559791338
0.004324995673
0.00452220223
0.004248566127
0.003648420525
0.002873909298
0.002168529162
0.001914034494
0.002427762822
0.003634925483
0.005119076082
0.006411952079
0.007181638896
0.007347614439
0.007092289704
0.006702551977
0.006391176153
0.006274725938
0.006402586208
0.006588348684
0.006425266578
0.005659127828
0.004439208403
0.003189492317
0.002269512909
0.001737261361
0.001349220768
0.0007603545287
-0.0001530063612
-0.0011245218
-0.001800787747
-0.002078552876
-0.002063184159
-0.001944650494
-0.001896623829
-0.002071565992
-0.002698252451
-0.003976083607
-0.005821771427
-0.007854081938
-0.009582220889
-0.01048804864
-0.01016394238
-0.008560573416
-0.006080092346
-0.003348018635
-0.0008535379081
0.001042881639
0.001954686947
0.001633025451
0.0002111317998
-0.001807817304
-0.003876178898
-0.005695563084
-0.007114990471
-0.007942709978
-0.007984952393
-0.00723637178
-0.005988695157
-0.004613507403
-0.003310938828
-0.00210057567
-0.001016389925
-0.0001860413327
0.000268402036
0.0003395318442
0.0001539682799
-8.534937063e-05
-0.0003002815915
-0.0006080833761
-0.001115124226
-0.001725940382
-0.002239047719
-0.00253163163
-0.002652232587
-0.002698408055
-0.002699373012
-0.0025703591
-0.002098922233
-0.00121569115
-0.00023006284
0.0003930270593
0.0004836277898
0.0003196011256
0.0003178568951
0.0006010941682
0.001059048979
0.001752042527
0.002736998102
0.003694898057
0.004184516809
0.004139192011
0.003832167358
0.0036230041
0.003876215084
0.004732177711
0.005854034779
0.006597601222
0.006421557953
0.005182623531
0.003146602663
0.0007486442555
-0.001570556273
-0.003414434991
-0.004578150282
-0.005067045582
-0.004975018715
-0.004339849134
-0.003127868752
-0.001430227663
0.000547744844
0.002605072941
0.00459479199
0.006456233646
0.008069833879
0.009158644847
0.00939534087
0.008550393677
0.00675005534
0.004510154328
0.00243852002
0.0009152013654
-3.016612735e-05
-0.0006687931627
-0.00129964637
-0.001963980706
-0.002575602552
-0.003006455739
-0.003032291145
-0.002553107998
-0.001807541223
-0.00104453496
-0.0002376181024
0.0007794430009
0.002062339212
0.00345730251
0.004636363677
0.005264149117
0.005308421865
0.00501287341
0.004591285352
0.00406273115
0.003293085499
0.002210180341
0.001015461934
0.0001799801329
0.0002127470779
0.001232669719
0.002738676016
0.003959413232
0.00445651207
0.004330086727
0.003971496016
0.003709511847
0.003610968035
0.003475740246
0.003117227538
0.002611152299
0.002252504743
0.002368920457
0.003061233961
0.003995542402
0.004609977464
0.004564998572
0.003866122264
0.002742579914
0.001467765787
0.0001735425963
-0.001127262289
-0.0023290062
-0.003155889896
-0.003265114444
-0.002469057375
-0.0008956968289
0.001081776682
0.003015852412
0.004480763314
0.005209869328
0.005300470247
0.00510966279
0.004909992056
0.004714164161
0.004220117828
0.002966446653
0.0007423139689
-0.002041029898
-0.004501363217
-0.005907263305
-0.006148778375
-0.005554299686
-0.004458516437
-0.003088601255
-0.001577135093
-4.000343136e-06
0.001482480853
0.002673476761
0.003472985649
0.003867493404
0.003772312321
0.00302909517
0.001605475153
-0.0002635486696
-0.002096241895
-0.003338000799
-0.003680644177
-0.003193991921
-0.002147026236
-0.0007881360273
0.0007420281662
0.002316745547
0.003690555374
0.004615341939
0.00502826243
0.00491168914
0.004205198276
0.002977460992
0.001583134312
0.0005767717415
0.000436865598
0.001293866852
0.002788199787
0.004179833085
0.004757585197
0.004192998976
0.002464391424
-0.0002015085795
-0.003188371119
-0.00562225922
-0.006800164053
-0.006521055225
-0.00516949815
-0.003357243405
-0.001509037366
0.0001896064046
0.001643758164
0.002708272642
0.003216000125
0.003191529462
0.002956767813
0.003019281008
0.003660254049
0.004643400675
0.005485385404
0.00585034652
0.005633811258
0.004886399393
0.003849012979
0.002815945365
0.001922069759
0.001198063892
0.000697744934
0.000337838184
-0.0002283550373
-0.001183543131
-0.002205479923
-0.002770062436
-0.002557965199
-0.001568606889
-0.0001729691328
0.000983174317
0.001272843503
0.0004509612959
-0.001217312712
-0.003049524081
-0.004285514671
-0.00452504953
-0.003831925147
-0.002531621657
-0.0009028346491
0.0009373748651
0.00288322762
0.004712894857
0.00609247354
0.006757881913
0.006729413785
0.006300471498
0.005767454914
0.005346051249
0.005156968998
0.005196329137
0.005371207328
0.005563700991
0.005705878147
0.005751984297
0.00566743359
0.005506384644
0.005308231278
0.004890910597
0.003928164052
0.002303806209
0.000221965225
-0.001951231031
-0.003900627262
-0.005446329996
-0.006424341434
-0.006648620032
-0.006036358283
-0.004645234838
-0.002737400896
-0.0009088020608
0.0001475243685
0.0001490822242
-0.0005969395591
-0.001483757333
-0.002063970203
-0.002331988421
-0.00255683788
-0.002925011771
-0.003395465406
-0.003784675782
-0.003920001518
-0.003659111991
-0.002821976342
-0.001404942184
0.000179788338
0.001409127926
0.002126429482
0.002570203602
0.003016974949
0.003514818762
0.003952142351
0.004265348484
0.004494520216
0.004756160227
0.005065111021
0.005191453784
0.004870899694
0.004114019652
0.003190015867
0.002373129111
0.001765509678
0.001312107328
0.0009654266199
0.000744377542
0.0007973739402
0.001339291571
0.002416608441
0.003739417269
0.004852234227
0.005446645381
0.005397674139
0.004715336695
0.003670580431
0.002714392375
0.002226895438
0.002250765278
0.002410393288
0.002218893874
0.001415237131
9.189065065e-05
-0.001315867204
-0.002268285339
-0.002498560263
-0.002150522519
-0.001567939139
-0.0009838567775
-0.0004338881555
8.846768503e-05
0.0004922903437
0.0005796456441
0.0002594709575
-0.0002355731603
-0.0004825351461
-0.0002500755957
0.0003184854306
0.0007790546629
0.0006388614206
-0.0002644451294
-0.00159134963
-0.00280106207
-0.003574849466
-0.003919735554
-0.00405207646
-0.00426916139
-0.00483075422
-0.00585976928
-0.007177312877
-0.008211145455
-0.008246359118
-0.006952763524
-0.004552707079
-0.001578094505
0.001267509267
0.003303194513
0.004125473783
0.003696857927
0.002294345594
0.0004896570291
-0.001018835612
-0.001782099198
-0.001793077511
-0.001263246614
-0.0003380138152
0.0008969614207
0.002260239591
0.003391812716
0.003907799962
0.003755915833
0.003352480843
0.003205953675
0.003438733797
0.003721547624
0.003553247444
0.002691142361
0.00136237112
6.662098348e-05
-0.0006962770364
-0.0006770868633
-5.065396516e-05
0.0007187306682
0.00121542596
0.001266877925
0.0009015371292
0.0001899380818
-0.0008390238334
-0.002065018803
-0.0032228545
-0.004017521745
-0.004248635083
-0.003860855605
-0.002939604644
-0.001659903735
-0.0002952523953
0.0007927846973
0.001350785119
0.00135734207
0.0009027491869
9.333675615e-05
