2.43102376715
2.53300622114
1.54626112949
-1.11640175251
-0.880020777785
-1.4863499191
0.293103729446
2.37936802366
1.96458947017
0.426724194518
-1.16881516078
0.194551345312
-0.743458988151
-2.20993256263
2.51162946109
2.23134829998
1.06065308061
1.93517398205
-2.18141937935
-1.31823319552
-0.450241547244
1.26741663485
0.4274337147
1.30335495756
-2.35507908454
1.30038404396
-1.23532204643
-0.813576637766
-0.358844037611
-1.83216034718
-0.45507423147
-1.52750341388
-0.099718948037
2.22235099284
-1.49808068171
0.0348808804517
-1.98963280096
0.434869318765
0.178342029254
-1.68830453904
2.29507565874
-0.112922275461
1.0918608451
-0.17928353499
1.9262744131
1.38739661572
-1.0454681118
2.0269796425
1.01928129731
-2.03106887337
-1.78765856379
0.000667653707358
1.83403992027
-1.28442577159
-0.925418613881
0.104052899758
0.54847627886
-0.387834504711
1.38636369382
-1.59949587075
-1.17836887207
-1.04978166068
-2.02787996895
0.449964391144
0.532796540755
-0.164447813296
-2.14054148338
2.25079647292
0.793740453589
-2.31228097455
-1.7215414716
-1.99856645176
2.22614364543
1.7683299164
0.973941949221
-2.33128730667
-0.249796545116
2.35135547301
0.288108571165
1.01894450855
-0.672478229709
0.982970100324
0.968393894425
0.532334556717
1.40725884868
-1.90758595888
-2.52633908725
1.98299040904
-0.355440180781
-0.430915674122
-1.25847229819
-1.86871171622
1.22736057737
-0.292880428133
-1.13903638652
1.27429277608
-2.04618690856
1.1390355453
1.89079209207
-1.06324137769
2.2117282165
0.952799429574
-1.01070229933
-0.630485986363
1.73079821072
0.647864816053
-0.222886017217
0.553276323179
2.38217489211
-0.983996637162
0.105464543275
-0.711738265123
-0.261266253094
2.50012725358
-0.194945885005
-1.77949135491
-0.672924594777
0.633067618928
0.584918521387
0.738479341871
-2.05656933261
0.13730961481
0.931914561784
-0.577215266861
2.27407835066
-0.78314724926
-1.21558785201
-1.7240504617
1.17846746654
0.520195580289
1.51042295526
2.48129398147
-1.7767727837
1.37896235303
-1.54239296481
2.1533695084
-1.36841210782
-1.10119851541
2.28867338401
1.34028249008
0.615997429315
1.03999676762
-0.703800683154
-0.352535984004
-2.33471631951
-1.3670396351
-0.54769887409
-2.40541409511
2.1349219507
2.37868008539
0.185151690232
-1.81975960584
-0.216925054675
1.35497892102
0.348940402567
-2.49184817401
0.25572707183
-0.197661342384
-2.3561008159
0.332859356618
0.391601801824
-1.71533682204
2.11853633662
1.81849436228
2.36050665719
1.18259168869
1.22196318189
1.79518253759
-2.09971547839
1.83690958863
-0.86948621794
-1.96335902403
-0.832898519389
-2.24851055995
-0.107735368587
0.41009615103
-1.80111937505
1.87128224602
1.27067110368
0.947039887883
1.88633192926
0.994807182551
-1.89969770146
-1.68799742483
-0.0272617379087
1.51228177361
2.31108188947
-0.907521771224
0.872162662728
-0.330218750455
-2.36663931583
1.82208364119
-1.4100465947
1.96164210544
2.30114637868
-0.618943646088
1.266287554
2.52533149614
-0.193195604295
0.948324907119
2.28459433938
-1.20406506694
0.826436932164
-1.04221562703
0.680616501293
1.73960402871
-1.88273325583
0.306355557111
-2.25730475263
-0.621830817793
-0.406616308455
-1.13549576896
-1.76575010249
1.16591938069
-1.76630986589
0.492725959282
-0.797560269361
1.86132890267
0.604982485035
-0.898720425073
-1.91322685449
-1.70922650046
1.82111851454
1.05085489917
-0.181153577418
-1.43890411703
0.251246256824
1.53849011848
0.671457003622
0.463685484863
1.11599738081
0.796740726489
0.613225725428
-1.40543303709
-2.24079213178
-2.51017139105
2.19160258028
1.45322357659
0.104053595625
-1.28057463572
0.125635488464
-0.630798824642
-0.259977578709
2.13250958472
-1.7200732538
0.833522993134
-0.765955193987
-2.46480918979
-0.253098257942
0.0428133178477
2.2483449251
-1.42118344657
2.46441043947
1.3290419644
-0.348219705489
-0.341297369028
1.32557113276
0.380551571781
2.46002757013
-0.482406031654
1.8465653411
-1.72554425647
-0.919499382269
0.326181050511
-0.478690160374
-2.10411656243
0.823854176715
-2.39683375839
-1.00690830086
-1.26951440375
1.1304457375
1.35821448982
-0.604355924942
0.671157677225
0.713341116368
-0.943311918174
1.68570083017
-0.0434119541499
-0.129834476001
-1.36770341838
2.51874178379
1.43834500163
-0.892463956864
-2.0235398331
-2.44134590575
0.12653422454
0.757446531671
-0.403072215224
2.35919765962
2.3581068703
-0.0966602340715
-1.14720236416
0.995119508583
-1.21165447101
2.43091273504
-0.799202670631
-1.87655655799
-1.871376325
1.64310865876
-1.62815372174
0.869921619239
1.77340567062
-1.88899785982
-2.39636706704
-0.889181693303
-1.97136693663
1.17748065007
-1.51957392609
-2.40033472654
0.443889980929
1.4889773092
1.87243057065
2.02283372941
1.77193491577
-1.79867630258
2.3638175507
2.05366712459
0.27462749249
0.0950062853793
1.49751509721
-0.666200160805
2.56443492983
2.38949990947
0.580253373612
-1.93557270429
-2.86682487147
-2.17803344999
6.08575140016
-2.04038479178
2.25136396638
2.92756048212
1.30397255635
4.49462692793
0.62272691377
4.6685104374
1.44137585982
1.52500493064
1.29381011327
-4.88251337841
2.99080655455
0.880537763397
-0.749505825147
4.03917690927
0.433687984231
4.45091496281
-2.5760128919
-0.537653612219
2.4709339493
-1.5266086495
1.317359079
-1.86182911468
0.874821602559
-1.75366436561
-3.57597521066
-1.19137860876
-3.14323812622
5.74507077267
-0.533213719007
3.41896997447
0.431456263817
4.01268816624
4.42438496005
-0.293123875597
-0.121328584677
-4.23916813628
-3.03444397522
0.364817712502
0.947574163827
5.90960186027
-0.501740088342
2.84799259569
-0.135463342181
-2.70299042232
-1.75160408434
0.951530872302
-1.05921836924
1.56171958569
-0.825653208356
-0.269310355141
1.86652557277
4.10935817586
-0.290476488257
0.673107244901
0.242647580466
-0.720750763308
-0.884258642637
0.19607969614
-0.937179527522
-0.171018122084
-3.13542823273
-0.590397213989
-0.00590621779612
0.849607288354
1.88980364133
-1.74142025544
-3.69435387812
-4.51042121548
0.90715325753
-1.219255031
2.86665265099
-1.99919983734
0.223491890883
1.73581297143
-0.722812929588
4.45880769639
-4.13812141967
-6.41969257932
-3.64973497933
-0.797550880944
0.038229029955
-8.31234780049
-1.28810641788
-1.36319334995
1.05717023178
3.62248740325
1.34937638337
0.131482855352
-2.97990440704
0.512236917866
1.22872823351
2.36091791717
-0.53849653631
3.80542333874
1.15007266196
1.71620488227
2.94292817981
-3.93157927747
4.58143583366
-0.122458051338
0.25170522435
0.9401591671
-0.83594914217
-3.41048286077
1.63345010654
0.851470191118
-4.85588204294
4.26180186927
-0.131627600826
3.19214334254
2.38627992243
2.78871135462
-0.491731026218
-5.24644486241
-0.475455612696
1.84809685722
-2.94925821958
-1.96434811816
-2.07703159946
-4.36954286535
0.392278353699
1.96363996516
3.87603592016
1.97107952977
-1.55166957526
-2.10157026596
0.0827017856908
-1.75351635238
-1.20344492663
3.69919768767
2.67238445525
-2.3065338942
-7.68809723392
-1.82833931257
-1.22776322956
-5.65983895822
0.769278770615
-3.34973048056
2.02119422372
-0.564996129311
-3.63651061344
2.297333564
-6.12183266755
2.9446583725
0.0306820561826
4.81293463952
1.08370279818
1.96329472008
2.52614398304
-0.357455431823
-7.09465929928
2.41302030304
-1.37168658418
2.4995867611
-3.81624052367
2.57203762911
0.604369981421
1.17700877027
0.0537679759575
-1.92923769131
4.15731008291
0.268475771277
-3.5483143784
-1.7535977838
1.99568855932
-2.15802898809
-4.31895435174
-0.706639469627
-1.48455110819
-1.14507361831
-4.23077608908
2.07954385754
-2.44943507857
3.26333982424
2.72678032787
3.96652736837
3.60134310339
2.67932703155
1.00667766595
-1.2033245333
1.16232313921
-1.02113902278
4.04175596825
-2.67674644452
-1.82319362526
-1.98798070796
-4.14245774675
1.00230045857
-2.18639252518
3.71544174595
-2.42966480286
4.89918202363
-1.21698596383
-4.49074374117
-0.129113193799
3.1183911687
-1.97897167488
1.26305376813
0.862630288897
-0.0560108652438
1.75936289334
-0.0919470400646
-2.27389465548
6.71228235725
0.160153345299
-0.824344399517
-3.51730576635
4.30054738316
-1.66105135082
4.22895257283
-3.09923526853
-5.06101934646
0.30820215215
3.47212421563
-6.15137476698
-2.29238312224
-1.06093088473
0.492598414736
5.97449023779
-1.57995011169
0.061423089635
-0.470917158296
-2.38154770654
-1.43878405789
-1.64591033507
0.200677372347
-4.58738269804
1.26279203355
3.51787103526
2.70589712243
-0.00499495358747
1.63787577164
-1.0171397451
-2.87501086446
-2.64010490867
2.78156387146
0.383439971265
1.44422748503
1.69492472158
-2.94244444718
-2.43555493353
1.30668439964
-3.27125664091
4.29020719101
0.785006640328
-1.60519674066
1.16695098554
2.91073611981
-0.312836473113
-5.55149807091
2.11124150176
2.29936057205
0.356612389217
0.791105974965
-1.26600477759
0.872538508211
3.01029728946
2.94802010616
0.0811639012148
-1.53809975533
3.94815411932
3.51459266794
1.64294582654
3.97259720233
1.11944135241
3.2043878627
0.0597036528298
-1.39097506428
2.12546347514
0.940094320862
-6.31743418798
4.24210671867
-3.31801658867
-1.70018422669
-1.39053385044
-2.68124890363
-2.06050210959
-0.308030168541
1.17376048234
-0.453140898378
-6.7544871273
4.425186114
3.82820418683
0.58825005715
-1.37284239238
-1.98383155299
2.07217337956
2.95456962435
-1.26400695479
-1.95197575056
-5.09350164762
-1.44587478325
1.64515992646
-5.03781991468
5.422264921
-0.121335372053
0.876881714063
0.0919925030694
3.46088995384
-0.787501368556
-1.33112882784
-1.0316746325
-0.124591633796
-4.3090725619
1.6972292002
0.43210504879
0.506003791815
3.79936695689
-2.42342791887
3.90443340822
0.870433558747
-1.56390553587
-1.63229029358
-0.642202016938
0.452970581332
0.363364237313
0.890233674355
-2.36215029936
2.66257201381
2.42846090146
2.53501064241
1.55220658433
-1.11540572832
-0.907065180712
-1.48766727941
0.306004905374
2.38051169362
1.96288902326
0.436625682616
-1.17058362975
0.195514001999
-0.740746424283
-2.19928582776
2.50619520442
2.23287919782
1.05720528456
1.93480191563
-2.1771958955
-1.2971105537
-0.439388286903
1.28006823035
0.437494113283
1.31397027825
-2.36981790279
1.31569180345
-1.22539078134
-0.814955823604
-0.35986295437
-1.8309345531
-0.474170411069
-1.5481387972
-0.101945551514
2.23709306364
-1.50323349983
0.0348124085255
-1.98830701239
0.423658715954
0.189752991503
-1.68046366318
2.29146639331
-0.11566947205
1.1059131479
-0.192207964985
1.92291881175
1.37294934554
-1.05245518051
2.02319559542
1.0199213529
-2.03459431708
-1.79406488647
0.00808588327556
1.83085467437
-1.28586264809
-0.914131858856
0.114385570884
0.567578744999
-0.388980844542
1.39695893037
-1.59809589292
-1.18199242274
-1.05364759427
-2.01211659822
0.44849371847
0.529004467023
-0.16745139129
-2.13358716838
2.24280745212
0.783452231352
-2.30931638517
-1.71089364974
-2.02099266455
2.23239463202
1.76896896607
0.980157991628
-2.33362063314
-0.252703114286
2.35340496784
0.311014961613
1.00952048665
-0.67472417541
0.988719687101
0.970380481004
0.510707252745
1.41552239343
-1.92582283644
-2.52505939182
2.00258126741
-0.355278471894
-0.416203657418
-1.2498850818
-1.87378331728
1.22723770241
-0.291531992138
-1.14946275794
1.2845497034
-2.08096915383
1.13839616493
1.88636918705
-1.04209323292
2.2062342905
0.967046878626
-1.01025809373
-0.625969614955
1.73299406564
0.635867720594
-0.230475998376
0.553864713308
2.38188916101
-0.985306755371
0.0864688367216
-0.712625035059
-0.256565852859
2.5212099927
-0.208970271055
-1.77746808703
-0.655489139839
0.629305158564
0.582123828785
0.756337709599
-2.04187483927
0.115840967441
0.931528106593
-0.589354762817
2.26570343675
-0.767491183415
-1.20839605216
-1.73212276149
1.18823367695
0.523076001457
1.4974188317
2.4922929509
-1.77648360937
1.36484148638
-1.54144474257
2.1586819985
-1.37428285158
-1.10552009913
2.28959534517
1.32128169391
0.613129566906
1.03068528817
-0.698515907331
-0.361860617423
-2.35078128474
-1.35757031857
-0.543437446637
-2.41156650761
2.14118020615
2.37744924073
0.166111192013
-1.81427907648
-0.207534913966
1.32901578594
0.356908354939
-2.48480062848
0.247067814486
-0.212983168617
-2.34159589144
0.328443762292
0.407795600502
-1.7143728277
2.1175825189
1.8242218422
2.34306436302
1.18469369251
1.2273984329
1.80142292795
-2.09435718145
1.83559375345
-0.862606255472
-1.9691367998
-0.828416614114
-2.24164778122
-0.115117762203
0.408692785651
-1.80723207506
1.87191958094
1.27889603085
0.950713167334
1.89376527499
1.00521924656
-1.91317145851
-1.69097796851
-0.0228510757696
1.5286711839
2.31586090822
-0.899838039253
0.863240700402
-0.341205898468
-2.36041461521
1.82084845832
-1.41955703269
1.95754153104
2.30198144195
-0.596011775226
1.25691251518
2.53308833223
-0.205834881194
0.948680864165
2.28617499303
-1.20297957247
0.83063728727
-1.03757932351
0.690458746129
1.7500165362
-1.86279846764
0.306053428154
-2.25408426595
-0.616076464639
-0.401168387983
-1.14270138224
-1.76597762321
1.17324734199
-1.7668809234
0.489644203349
-0.806745274726
1.86479561859
0.585986488668
-0.898965435203
-1.91439644183
-1.72684740569
1.83057303479
1.05313876489
-0.198895811388
-1.42960350216
0.246605066008
1.53571696436
0.681309266144
0.463016398399
1.13093358923
0.793204736094
0.598696650065
-1.40674852958
-2.24496857607
-2.50644782368
2.17513071418
1.44350429296
0.109367387259
-1.26528142191
0.143226776441
-0.638481830053
-0.257496942647
2.11691195002
-1.73489415716
0.821775501765
-0.753998998912
-2.46968820856
-0.259210702152
0.0509554037038
2.24124989055
-1.41310779071
2.46089478098
1.3260709506
-0.353322840715
-0.341697907575
1.31934313126
0.361485694709
2.46141157707
-0.475380209062
1.8484613486
-1.73789120728
-0.920279926362
0.304419966071
-0.493035144852
-2.08650393926
0.822342371079
-2.40549590616
-0.996244543567
-1.27190666925
1.13230975237
1.36100475074
-0.622593576926
0.66919153505
0.689965931475
-0.952621987542
1.67236839244
-0.0626320464352
-0.135102455332
-1.37377220701
2.52724551892
1.4444709439
-0.904897054341
-2.02050322929
-2.42686966031
0.119889395314
0.786454857942
-0.393389371301
2.36475268223
2.34928633765
-0.0971732358329
-1.14609657267
0.986052620276
-1.18534275926
2.42981034695
-0.804603918097
-1.88087476415
-1.87121169289
1.64606435283
-1.61760591105
0.861681267023
1.78719049499
-1.89036113854
-2.39891045814
-0.897741825154
-1.96747409164
1.18016302141
-1.52567963836
-2.40293048715
0.446416612233
1.49959060606
1.87970516538
2.0162067153
1.76812509196
-1.80894354574
2.36325546363
2.04776120265
0.270388421064
0.0828487784222
1.51083180519
-0.656001278853
2.55114991286
2.38917379766
0.58865534561
0.619713131567
-0.14326508394
4.27822044219
-2.95084262551
0.482769899391
-0.659624208567
2.15100231629
1.88995878204
2.88198766086
3.22587751053
0.0254432307092
1.42525489304
-5.57610117872
-1.76012727695
1.41943556054
1.57441707504
-2.15577630467
3.13994035371
0.400412245727
-3.26368030463
3.46629535285
-1.28579114047
5.29238573244
2.46606043643
0.0223242364598
0.593268868291
-0.52175220067
-0.28102654834
-5.46020938251
-2.43599301225
-1.25075010981
2.94436506392
-2.09942845078
-1.26398798348
-2.06095452426
-1.68764839136
1.1329198367
1.24338439174
0.352516919421
-3.18540697008
2.81034828347
0.213740286371
0.688464207174
3.06481847828
-0.730267512172
5.0691704445
-0.839638045299
-0.999585189174
3.02806280225
-6.09659772911
0.106183382592
-0.141424114256
1.76764065525
0.188000737584
4.30946492174
0.392143553833
2.64508007068
6.0845112294
-1.50046725919
-3.09932872126
-4.61912849247
4.76800440045
-3.48888306118
-3.79325727986
-3.02069090085
-5.10869151791
0.357055247958
-3.47356178023
-1.90153948703
-2.58569162932
4.82756277779
1.61529497968
1.50319045415
-2.37439806181
0.428187381013
-0.0991349256012
4.30729953281
-2.40037915736
-0.993614697899
2.68382677697
1.65478119212
-2.56696868997
-1.11850522637
-1.10235184254
1.44249483559
0.415108242334
-1.09509404245
3.07393271492
0.518321709649
-1.6215195851
-1.52406212869
-2.58165822918
-2.22122645052
-0.181862363442
0.513501860853
-2.53431449993
3.67065107242
-3.76257237046
0.73970874459
2.33438386204
1.00236741808
-2.85297246322
3.79740040464
-1.03896848014
-3.53861074971
-4.03774580985
-0.45301482327
-2.66730560517
-0.666439256108
3.66724360592
-3.33171445143
0.120755597196
5.37631105431
3.91257115583
1.11555529978
1.61867316414
3.20479610594
-1.0376382289
2.43205451575
0.916001509198
-1.25510930524
-0.982079658925
-0.127079796741
-2.914178318
3.59160270511
0.536866246075
-0.748076806618
0.471954868411
-0.697159203229
4.17619003636
-2.58385149257
-3.31742057154
2.78832602394
0.226509766465
2.12981191114
1.25084087674
0.607343636922
0.416201369809
0.622868450744
3.784800962
1.89620441985
1.19869935265
-2.25843433329
0.474939817423
0.294365062471
2.21635450221
5.78781605402
-3.26595903057
1.53114035766
-1.80254488051
-1.36066043148
-4.3475797613
0.129171321025
-0.970764414489
-0.913365127295
2.40293809581
-0.65943823949
3.11369708069
-0.378990636872
-2.35311580358
-3.86552926066
8.32904096422
-1.01418501035
-0.751849269775
4.24833992279
-3.36491198899
3.96493469508
1.02802462707
-2.8476051756
-5.29544232329
-2.23070178894
-2.37222445027
1.40992564741
0.453281057126
4.71099377598
8.87040088507
-0.827176175618
-0.967885556905
1.06308647611
1.41015548928
3.7455833807
-1.8221562844
1.38509032927
-3.88552823856
3.11176878207
2.17892345954
-4.58862563917
-1.43136633096
-6.13668613622
-2.7822082218
-0.636674271069
-2.78012745038
-1.83365543755
1.93955509249
-1.63307312868
0.877822379239
1.1055644019
3.62612563562
-0.543975735056
0.768700902946
-0.0185751670055
0.504145355337
4.2358053842
5.14767059503
3.1440777198
-5.02438895754
2.39012847277
0.787162016476
-4.40279556295
-6.04739981189
4.81698863686
-3.83378880769
-1.45341702936
3.02320307962
3.61473617722
0.644466668638
0.969127075549
-1.315546129
3.14144691505
-0.768031899794
6.58532862502
0.223311652463
-1.27541157273
-1.34365144149
-4.06632105078
-0.188326450861
0.183213771335
-3.11173362325
0.0264781058442
1.03795356064
3.63113608031
-1.50796931612
-3.30222246557
4.17012364689
-2.27355555889
-5.64314758502
-0.847379527586
-1.67404787343
-4.12058664329
2.04673242095
-1.81009212959
-1.75908107698
-4.11448719671
1.60989448549
3.00275361774
-2.63525222267
-2.13718165602
-2.15118077659
0.212163349386
0.133992639424
3.0991048794
-5.67364998109
1.6069401826
1.41521013414
2.98179725356
1.34822323536
-2.96163041519
-0.806988843078
-1.79338472815
-1.91236029766
-2.32084612188
1.47514364678
1.30192484985
-0.893039638545
-3.37009899439
3.013879549
-2.16665955292
-3.66703741885
3.58322840619
1.32224392958
-1.29408114807
-1.71914074748
5.57463748157
-2.36369378939
0.939278268863
-3.2748438768
-2.43965697933
1.3444121869
0.930574875928
-1.14715588221
-1.19977526291
1.31569164124
-0.852480326115
5.35936276968
-1.77203346373
3.2934462588
0.920005459807
1.18555676316
-0.422949455268
1.31573183076
0.34246887177
-3.84219828038
-3.61667157645
-4.71530133797
1.37702090745
1.48195303069
3.8271939957
2.61655296654
-9.12245358978
-0.299941818603
-5.66710102551
-5.69441076223
2.27095454224
-2.45970390073
-1.42280034113
4.93796294472
-3.68131520235
-2.39175427593
0.0144691984519
-0.289159412852
0.555704307807
-1.98665574299
2.00696674166
-0.543803358999
-0.138218221494
1.40471877139
3.66449217832
-0.955184302541
-0.0806494250202
3.41744662164
3.66876210069
0.176618093975
0.674689000756
-3.35348078665
2.42479777209
2.53020986582
1.53429565206
-1.10840864893
-0.899966789715
-1.48769280435
0.308581449289
2.38035316691
1.95746182059
0.433682839003
-1.16394135535
0.189251412488
-0.735124035786
-2.21497474037
2.50362020566
2.24588193351
1.0751765765
1.93224869289
-2.16745586413
-1.28977837396
-0.421455127986
1.29089325129
0.428888240401
1.30542569096
-2.381119714
1.32373571744
-1.22269014102
-0.83566358378
-0.356909621177
-1.83637695992
-0.475096872779
-1.55389428234
-0.120077033007
2.24554751918
-1.48974713893
0.0327007031355
-1.98468024268
0.412663522457
0.168512597785
-1.67881097053
2.29880667376
-0.119627262733
1.10471268868
-0.190421547863
1.90250226334
1.3753058742
-1.03959905866
2.022003135
1.02160699148
-2.03510976365
-1.79406898446
-0.0022977655875
1.83406094768
-1.29136096048
-0.931448828604
0.107405717943
0.552506000563
-0.382715361345
1.40300389787
-1.57742274236
-1.19469022006
-1.05872478131
-2.01162684575
0.423164502466
0.527171982151
-0.178148984053
-2.13388093624
2.24185406215
0.775060572269
-2.32026940791
-1.69983261779
-2.03001816385
2.234075896
1.75627715967
0.978103935639
-2.33061036047
-0.24967326029
2.35528981246
0.303507633093
1.00994540349
-0.676647930845
1.00431879909
0.965908215988
0.508521490052
1.41517731746
-1.91626277907
-2.51257439694
1.98524750469
-0.359116011217
-0.40764682866
-1.25968155716
-1.86535897323
1.23962727167
-0.291927253779
-1.1506386419
1.2822616178
-2.07639083336
1.13830274215
1.87909377993
-1.04269069444
2.20687528559
0.965798774444
-0.999116970894
-0.640234763642
1.72610889945
0.636792503679
-0.223922473611
0.545170447063
2.3905864998
-0.986009366929
0.0871455652664
-0.723416229898
-0.278141088132
2.50964521449
-0.200856390511
-1.77866622578
-0.655566829765
0.643276628966
0.581420826129
0.75490490003
-2.03964441886
0.107636746179
0.91343443426
-0.594156311332
2.2518377566
-0.785946652222
-1.2146898238
-1.72414518611
1.18573621012
0.528860989531
1.49201507396
2.49119871674
-1.77381220629
1.35785357543
-1.52255576287
2.15812056799
-1.3623828018
-1.11750464307
2.29490812882
1.34522253418
0.607821517396
1.02953034666
-0.695950785533
-0.359044817734
-2.37504688387
-1.36522132282
-0.552661067986
-2.4050750573
2.13860909444
2.37823155438
0.195145716289
-1.82755823898
-0.209004668287
1.32435845069
0.374202433678
-2.47950926148
0.23753473488
-0.210223110904
-2.34370532038
0.328820494862
0.411119608511
-1.70746249509
2.11960876534
1.81926022214
2.36049616581
1.17931908029
1.22474276516
1.79987501315
-2.10759618328
1.83180327553
-0.861519519456
-1.98901724363
-0.81785647828
-2.23950867548
-0.10170511977
0.389866923254
-1.81974483531
1.88664305203
1.28732887052
0.968950936104
1.88417277834
1.01910044049
-1.91857829844
-1.67577009201
-0.0341391537676
1.50437499233
2.31751902399
-0.896316502875
0.862778866417
-0.348622277249
-2.35831955485
1.81991892449
-1.39933759207
1.94754838285
2.30489308837
-0.576193368198
1.26316495529
2.5548785155
-0.19819402095
0.966845994734
2.28744609333
-1.19416671649
0.82320889295
-1.02111489495
0.676858112859
1.74688877712
-1.87557347613
0.302881104697
-2.2566685173
-0.619039456271
-0.383130841681
-1.14507880963
-1.7809541725
1.17194175179
-1.76787056206
0.472211808162
-0.791983988964
1.87107637166
0.585765287312
-0.909885070519
-1.90948675356
-1.71716259872
1.83904494684
1.04877056645
-0.198878896419
-1.43076678225
0.255620974635
1.53332888235
0.668874009266
0.463046623542
1.12373550969
0.80581376242
0.618802563688
-1.38684850077
-2.24328577355
-2.50505735572
2.18714844999
1.43088897353
0.0963238711169
-1.26239536353
0.131145590371
-0.642072306992
-0.249795211609
2.11018310681
-1.73593322273
0.829769725501
-0.729179164024
-2.47197649314
-0.253112162274
0.0427786432042
2.22799340894
-1.4189709016
2.46701295433
1.32598752398
-0.352660132312
-0.358636076369
1.32503362763
0.355026603805
2.47274965833
-0.470216641301
1.8263004568
-1.7487341552
-0.939117533407
0.320204685833
-0.473180909038
-2.10178839114
0.819289637877
-2.39069646671
-1.00572417081
-1.27520412529
1.13224297829
1.34141198224
-0.628510564275
0.661192205408
0.689556267113
-0.954778528366
1.68779915599
-0.0773981326022
-0.13721622226
-1.35887603212
2.52037950544
1.45862420045
-0.90739854265
-2.00860108157
-2.45819634628
0.122661697994
0.760080437596
-0.395020142754
2.3634892435
2.35746473986
-0.102134208188
-1.13558088379
0.982995447942
-1.17776790564
2.43712997674
-0.813653099573
-1.87760296553
-1.86638502409
1.64161000019
-1.62892171799
0.865048993892
1.76325897195
-1.88944882038
-2.41002125349
-0.909905505015
-1.9610699412
1.1685567818
-1.51758065891
-2.40848104577
0.4480895967
1.49399626681
1.87314354671
2.01445777651
1.76336066585
-1.81050109574
2.3769223912
2.05396308053
0.273093944385
0.0862079221473
1.50963035616
-0.671351024481
2.55544050343
2.39330921434
0.589558589606
1.18119396755
1.46046240961
-1.00558508489
-4.060554986
-1.24741518301
-5.67914120406
-2.59414812257
-2.03458538729
1.63915126316
-4.49264292959
-1.13029137569
3.84932074889
4.37701055456
-5.9303838076
-3.89009951925
4.16958223429
-0.35245118816
-5.67263330414
-6.37790506593
-4.12065077715
2.68144656197
0.0266064786504
-0.680132457196
1.30140907786
2.79902461465
3.69805607875
-1.4648290682
0.390335832872
-1.6544298763
-1.90832024436
3.84940447123
-1.01638492772
2.09492966202
-2.11805643324
-1.70697619422
0.874636767639
0.989146332983
-0.584061683661
2.84170299549
6.30894858462
3.56628638053
-2.59057502153
1.27853860326
-5.52433390709
-0.671374101449
-4.63749971237
-0.814195169312
-0.918164095446
2.61799267097
-1.56447030881
-0.135594127939
3.45217490812
-4.30009399246
-5.48922993601
0.537201901883
4.29151869975
3.23824271463
0.529636045492
-2.70932228425
3.09633524968
-5.38359592656
-1.78836640675
2.80055555216
-0.93670849626
4.48913926489
0.151615253493
3.27286235205
-3.72207537167
-2.61438797429
1.95209534873
2.31562002224
-3.71515649251
2.29198234028
-0.875828774174
-0.748195888801
-1.645019125
0.167940765654
-0.342611111482
-3.80215003483
-3.3471785102
-1.87640791119
1.77364584317
0.0364015584848
5.95037460363
-2.74782374049
-2.4741635157
-3.18460198872
4.41035711867
-3.33707713679
4.39923439473
-4.61806915724
-1.53935508992
-0.862526291055
-1.27352717122
-1.57915245275
3.56841851889
-0.900646155748
-2.3957843712
-0.63978224715
3.8355985315
3.60138546678
3.92400974805
0.0687309581559
-4.5491025025
-0.590371851184
-2.37110789579
5.36028958757
-2.25862468638
-2.78040872203
3.24890825506
1.11571931313
-0.528729687492
-4.17169119261
-1.49105177846
2.46083467267
-0.0739196477145
-0.193659852571
3.43107343856
4.86369325587
2.83131870529
3.33226838311
-4.34452899746
0.00923961770732
-0.9015270057
-0.501733846014
1.36284173491
0.577385870427
3.34690454401
1.28308969507
3.21360648753
0.366935856215
7.94469400664
-0.873610371423
-0.309424009157
-4.02327529067
0.055676072112
-4.02411074409
0.98377747957
2.61599028695
3.26762152191
3.03638545014
-1.51925229951
1.32127108095
-2.50622846996
3.64898503352
-1.30415625491
-4.28986290316
-0.814020819142
2.43203615429
-0.42102032478
0.955094707551
2.55769338494
-5.37087198826
2.09721142979
2.83067641248
-0.32551925608
-1.22746890896
-3.3908692881
-4.29998292176
-3.29309855098
-0.654667106004
1.67392990149
-4.84870699195
3.55140884293
-1.19665010126
-2.41650834428
1.1387005636
0.319644602768
1.30690801804
1.7227795578
-4.61192673669
1.69004053134
-0.0502361573435
-0.455400325212
-2.72361012717
-2.88149610308
-3.37075987689
1.0167239434
0.153226253671
0.0900823504168
1.26764960306
3.39936047363
-0.412488129742
6.44410777528
0.463481966444
-3.23501523538
-1.51713834621
1.79028138883
-0.779869563371
2.23394063881
-2.07822688478
-1.45568194501
1.53603461746
-5.36895394482
0.191246725475
3.73266360308
-2.67208581956
-3.24984111175
-1.12961331338
-3.92701438679
2.17537734849
-2.21787903212
2.7747734214
0.965296538203
-1.77077099872
-4.88325497994
-4.56010686136
6.93438004224
0.830907945379
0.633991782263
-1.13564084476
-1.45396426272
3.39160239185
-0.843714101856
-4.52131302409
3.61483842138
-0.679784915556
-3.12820924796
0.437160454292
-0.296034719734
1.37588409973
5.93885815993
0.348951283141
-0.61851086648
2.58256168573
-2.06847772052
-0.532085829456
-1.04579490784
-1.03071942268
-2.30488886638
-4.6810860346
-1.88312208265
-4.34330125059
1.59360460446
2.24954605388
4.3449296519
-0.170042517633
-2.65312525941
-4.02177472902
-0.541064123794
4.23555683803
0.902231425245
-5.45502873979
3.33551332272
0.470965828555
3.74819550384
3.33368897338
5.83647085718
2.85137216752
-1.96446568917
5.72297546973
2.23682628409
-5.68201930365
1.7634603569
-0.391631063394
-0.131416574425
0.00282139205726
-0.881537030714
0.476390839638
-7.79196482919
-0.603930189366
-5.68038620394
-3.96075697294
-2.81472974009
2.68482734412
-2.10147095948
1.40549624573
2.90449905394
-0.694580456685
1.1290546152
-4.76979371751
-2.86559782007
4.27354995932
-6.97279389315
3.203367655
-2.26324953703
1.94447223061
0.796292067101
-2.60181552016
1.47278182781
4.43889893232
0.796732863227
-1.79928142362
1.08514692476
-1.49369011975
-3.52428227465
2.16486841027
-1.86772699871
2.98900863499
-0.902701007327
-0.655268476875
-3.06754290728
-1.11661567802
1.38300875076
-0.698016928272
-4.18272658914
2.71993323752
-0.418211010833
-2.46717239509
-2.72159449911
-1.74077209512
-4.5288310473
3.41032125827
-1.0114831757
-0.206765717881
3.10433743184
6.94637626713
1.50493753641
1.07277667601
1.10437388598
-0.346221416078
-5.4901959064
1.51514568601
2.37359938141
0.0736898455011
-2.19212668267
-0.272286752726
-2.72952303407
0.192770520035
-3.77681147761
4.83652566741
4.4695525475
0.30695169659
0.870626692452
2.4238479016
2.53766520446
1.52102751794
-1.11116183475
-0.891044929355
-1.4713588538
0.312590359133
2.39196147847
1.93824898843
0.424542163265
-1.165726662
0.188065656519
-0.735312443197
-2.22224168991
2.50322190064
2.24364794755
1.0611645638
1.92274382088
-2.15355883179
-1.29044042198
-0.409856567116
1.27605448934
0.433126013713
1.300305091
-2.38516926917
1.31715795593
-1.22154600961
-0.842170890277
-0.357386674847
-1.83658129419
-0.483957636969
-1.55426494607
-0.0967152185982
2.23084442131
-1.49936554689
0.0365879942985
-1.99134789488
0.418366147007
0.185582530831
-1.68553372995
2.30253689718
-0.110127012893
1.10486122892
-0.19390105594
1.89578466928
1.38181878841
-1.04669053063
2.0213394245
1.02502747538
-2.04616063895
-1.77075257599
-0.00123809445029
1.82946811662
-1.29496961753
-0.944093609159
0.0951590121649
0.553358471067
-0.37074102593
1.39299014252
-1.57076674215
-1.19584599461
-1.06462439104
-1.99933933825
0.429849865093
0.541448799286
-0.174158089118
-2.12643187883
2.25117656896
0.791024159101
-2.30682874011
-1.70504608471
-2.02318185408
2.22554442888
1.75469260306
0.963380753226
-2.34111172773
-0.248715179603
2.3777223288
0.303603079787
1.03900468249
-0.680675674116
0.987538225925
0.961371164106
0.497063150475
1.40747267923
-1.90461729525
-2.5246041259
1.97393495614
-0.340486056568
-0.402991617649
-1.26095019763
-1.87437670768
1.2438869052
-0.297206158818
-1.14635410401
1.26042589363
-2.0538243642
1.13779332275
1.88269078761
-1.04889941728
2.2174012318
0.952241053741
-0.990724704312
-0.627378943921
1.72006024411
0.625899007859
-0.21397324055
0.545348402096
2.39073299868
-0.974330145494
0.0801871110668
-0.729615790837
-0.275609759605
2.50393413821
-0.223377015928
-1.7827353809
-0.655155980258
0.643184581391
0.586630825139
0.740052991751
-2.04637824867
0.123165835396
0.929104526284
-0.596871804738
2.25494984259
-0.769416452336
-1.23323406791
-1.72510054846
1.18135804648
0.537072120687
1.4926353284
2.48864218788
-1.79846132462
1.39307031056
-1.52929349338
2.13396542444
-1.36902544051
-1.11390149539
2.30094985538
1.34993413338
0.615130051189
1.03446339069
-0.709062505129
-0.33077749808
-2.37389943676
-1.36070483135
-0.564090362044
-2.42224998286
2.1163371721
2.3906536444
0.192525565286
-1.81821955727
-0.203230408113
1.32601167927
0.363234891798
-2.48889185756
0.255296407288
-0.207521548487
-2.33786194613
0.33253335981
0.413870748666
-1.71473233947
2.11460261395
1.80735541643
2.36261225598
1.20058833057
1.23075316911
1.80979412371
-2.10407355007
1.83873081843
-0.865609830359
-2.0037950503
-0.843065118195
-2.24612168296
-0.092604227302
0.408024745258
-1.81626386762
1.88506586311
1.2999572714
0.980833047383
1.88964310582
1.0172468302
-1.91729323622
-1.66951341809
-0.028700634887
1.48736234309
2.31250635134
-0.898068510463
0.860695786484
-0.338415028157
-2.35397945649
1.81599280729
-1.40269666168
1.96578739007
2.31904092918
-0.590444395438
1.25264446506
2.54660918374
-0.186201825521
0.972313713817
2.28744005066
-1.20244900619
0.824610016802
-1.01543457447
0.666762890037
1.73772217704
-1.8755115258
0.312400748431
-2.26288130869
-0.621181536181
-0.392199833731
-1.14688800222
-1.79691298645
1.15319057811
-1.77598357218
0.481061037856
-0.79360170411
1.86825102072
0.580129501776
-0.900411042961
-1.89333285748
-1.71713973591
1.83037598851
1.04614048074
-0.192622116446
-1.43357043695
0.263689762462
1.54331082496
0.653952719698
0.453380928066
1.1254149952
0.828596712424
0.627537741691
-1.38681792179
-2.25263714804
-2.50799347405
2.18901962447
1.45774919673
0.0877757167926
-1.26893295595
0.132593757339
-0.630227755376
-0.246499975623
2.10751539226
-1.73142983129
0.833067754545
-0.715724918853
-2.47380365788
-0.250410495693
0.0404742351584
2.24103925017
-1.42168852462
2.4539029602
1.33248431601
-0.351509323847
-0.357037363458
1.32825530105
0.358758650162
2.47022816406
-0.482538685404
1.82573043931
-1.75485545775
-0.934903706395
0.317036045009
-0.460912689051
-2.09972049848
0.824475499467
-2.3924435007
-0.997495200094
-1.2832712004
1.11182132334
1.35019312543
-0.627534976333
0.655541717684
0.699939579096
-0.970233199332
1.69083441632
-0.0579907809953
-0.132971258754
-1.35759038607
2.51054603951
1.47247428672
-0.910049008613
-2.00422616424
-2.45341595337
0.120802629034
0.770655277687
-0.393354596725
2.36123417037
2.34658547834
-0.120079680093
-1.14043438623
0.985643688686
-1.15772456867
2.4412892498
-0.79957024741
-1.88407238168
-1.86911677221
1.644822304
-1.62759953997
0.859682108949
1.76292061314
-1.88978759298
-2.39987338094
-0.911821683978
-1.96457284427
1.17895716293
-1.52443549319
-2.40622109419
0.459304221591
1.50330744906
1.87864501605
2.02550964721
1.77684499517
-1.81506824794
2.39571053175
2.04777686421
0.282977464372
0.102004277985
1.51549003966
-0.678815496524
2.56491257306
2.38688210235
0.580931125478
-0.771860878454
2.19033540779
2.07399570397
-1.50546248362
-1.51651708307
1.62296740457
-1.1968580029
-2.85941270532
-1.13552919338
-1.11014981094
0.462709086728
-4.77205607639
4.35112680666
1.75062255286
2.81109733196
-4.72982734923
1.16912302197
-4.7987610591
0.693734365772
2.93173520395
-3.86997486414
2.34044523752
4.16396833988
-1.95076856378
-2.45156668247
-4.09905414259
-3.99130613839
1.09834560684
-4.21854298291
-0.0697848255456
1.58480794517
2.24171286858
3.88755234521
-2.38673454551
-1.53084355542
-2.70925501824
0.147791123034
-1.37470691825
0.774854621538
0.0102700646142
-1.2294323175
0.849254590185
-3.2701449764
-2.06243443909
-0.224598179156
-2.48498745566
-0.50959652555
-1.92217640751
0.78147403565
-1.54682077818
-0.495198623077
-0.0254846714893
-1.03308631033
0.557671381674
0.499090902209
-1.07828191399
-5.56974767736
1.11383963443
0.320765797627
0.661394308085
-1.78806345473
4.28800817857
1.00259386459
0.858507755678
-0.0868764847738
2.16549639302
-3.76580399675
3.63490916279
1.13211873147
-1.60074626309
-2.1495874669
-3.78581178494
-2.38635019642
4.01733980428
-1.0426657904
-4.33807614602
0.199824604873
-0.0223457426047
-1.59549405712
-1.69512725716
-0.408615974711
0.208971592102
-1.35895981312
0.211851170856
-1.08788548875
-3.23598768013
-2.59623348286
2.54712589031
1.49878772228
1.60984365118
-0.257544865838
4.64382228868
-4.84944908472
3.97740568016
-0.403514903387
1.01884442362
0.204704037234
2.48599961156
-3.99090423849
1.34583237148
2.80862377759
-0.026371114458
2.19487110372
1.62360561496
1.92488945281
1.01330251523
3.39105551732
1.03223307614
4.941790002
-0.99064910991
-3.10695097191
-1.47843893548
-2.48829776661
0.637729955061
0.987357661712
2.56965483825
-0.0890136735264
4.26659731348
4.24844821705
1.8532102153
1.54443400168
-2.93747033948
-2.44065760714
-4.52557649493
-1.0655485466
0.325582594149
-1.95459245519
5.0400825256
-0.905246398069
2.93263028469
-0.534529124207
1.40892250799
-2.78721152772
1.49061518312
0.884585080071
-2.01433955472
-2.04060836837
2.12994763739
-2.45410336062
2.13418628298
-0.67022671686
-2.54116658134
-5.62518076335
-3.47479151077
5.31229551842
-1.51471549903
-1.19625635626
-0.441982468095
2.52838121597
-2.8610731783
4.8892098582
1.42676982791
0.815020836177
1.56484210722
-0.369853175195
-5.75747005401
-4.98413989694
1.92064085569
-0.846038848613
1.24948108977
-1.31690792072
1.71040316782
3.75972400357
1.19696413802
5.08232286714
-3.02228923402
3.2238721321
-1.09671063237
3.06723743747
3.09040949477
-4.512860347
-3.8394107183
-1.3018576053
3.16221897486
-2.3410644781
-2.63492752485
-0.443521067278
1.01966680707
-0.124105482135
2.93580644526
3.64164102167
-0.852898682619
-4.17765113248
-1.63112555139
-2.95175425476
2.03167069026
-0.773975674074
-4.88034066355
-2.39825439494
-2.27405630957
-0.561562205083
-1.88893027545
-2.09688125931
-3.24248159195
3.74817556346
4.66166425784
5.11628354903
1.87048225461
2.55095209152
-3.38292736902
-1.66065197534
2.28360698339
-1.90997820088
1.03846298216
-4.53882681788
3.05835766672
1.94695829962
-2.83424685514
-1.13644660118
1.44852236755
-0.916326942333
-2.83143380463
6.33956964509
-1.68047104729
3.16706484112
3.14216227601
-0.659744727704
-1.54657934021
1.55392527605
-0.157092886502
-1.82785187398
-1.686574174
-4.44297316757
1.65277622455
-2.35604444054
-3.14693842339
0.917845632849
-1.4087958955
-3.3282776403
-3.0592598082
-1.39134471209
-0.338576445067
-0.0340259701994
0.216936760104
-0.411740693951
-0.4798413143
2.97165567345
4.99461648909
0.606365642754
-4.85313959928
-4.40516415029
-0.798950789403
1.74503934328
-4.93701793203
-0.0763301765333
4.29195356921
3.78128322285
1.35833353459
0.72760714756
0.248771192739
-2.35034867851
-1.65220780694
0.553491784641
-0.366313214791
2.51360428292
-0.00507688016529
-2.72039736176
2.0301336659
-3.30880448804
0.953740840348
-1.80452802305
-0.796925840497
-4.89622711445
1.58289976042
-1.94993223013
1.52507159379
3.79419262823
-2.68049823864
0.335705320056
-1.19892107358
1.28862177818
-1.96364084724
-0.750380603481
-1.14805838155
-2.17780482004
7.20749013429
-3.02837349496
-3.90230946427
-0.00638164778973
1.86956053271
-5.4752126441
-1.25037240034
1.22865605753
-3.60995255761
-0.922742936408
-2.80798375831
2.80128669972
3.59530998848
-2.82096173595
3.40946965293
-1.62199058403
2.25825322658
2.30369224195
3.17308792043
-0.447007667095
0.194709781923
5.00600259943
0.909724801626
1.62507671267
4.80110400526
-1.43999773736
-0.462548118925
-5.73333936389
0.84984724459
-1.19028970303
0.820222423321
0.289367490274
1.41013969549
-1.35216151613
3.21240943779
3.07593601318
-1.71467907146
-1.09184742763
-4.04294392073
-1.91634726904
6.2834051388
0.285156344588
3.3514770338
1.93391368771
-3.39868230608
7.3906797899
2.07055687635
-4.11437023803
0.640266819471
2.40559949481
2.54371281641
1.52782717425
-1.12781837161
-0.884782659231
-1.46939363687
0.329128097496
2.40543466138
1.93968649232
0.419928002048
-1.18658662661
0.176714983738
-0.740405413886
-2.22600647843
2.50557341613
2.23384676759
1.05110192158
1.91711162354
-2.1745256619
-1.29081525471
-0.407679752009
1.26246818807
0.435726497541
1.30797637056
-2.35737278703
1.29954090818
-1.22585891946
-0.832948596317
-0.345999890536
-1.81249431488
-0.489002089604
-1.55199258791
-0.109725759027
2.22477233341
-1.49951279546
0.0295474142273
-1.98077193815
0.437038945583
0.174565332786
-1.69352589958
2.28620284182
-0.102118421855
1.1002580129
-0.18375688475
1.90296777047
1.41034497089
-1.05670512674
2.01974809472
1.02291430302
-2.03532704288
-1.77327000853
-0.00472514314432
1.82643495504
-1.29347709242
-0.94467388068
0.0954304673711
0.552597988196
-0.375581529551
1.38088500547
-1.57352430542
-1.192143652
-1.05652825986
-2.00175836024
0.421202295091
0.564218744353
-0.170722365621
-2.13586703527
2.25843666922
0.806235069669
-2.29696724194
-1.72715316082
-2.0236039057
2.22947920795
1.75601799056
0.969780468669
-2.35393233717
-0.249598107062
2.37057322031
0.301807275421
1.0404707067
-0.671895886927
0.977348506476
0.975097219684
0.511549697618
1.43024814531
-1.89873786644
-2.53516801282
1.98585512793
-0.345631291474
-0.400904822487
-1.26837648588
-1.87831314643
1.24494130754
-0.300596592996
-1.14008600824
1.26949879701
-2.06664548512
1.14091961612
1.88638083706
-1.06220442347
2.21963000433
0.950862501899
-0.984376013277
-0.631390911728
1.7115599163
0.636321567719
-0.216417743964
0.55464920236
2.37831581635
-0.993032308481
0.0873132464395
-0.738764782479
-0.279721852801
2.50383479294
-0.206938412399
-1.78183560912
-0.652018910808
0.628111323779
0.579936036281
0.735240208031
-2.05137512105
0.110074541058
0.924504831342
-0.600911700305
2.25183122495
-0.770422301588
-1.22050010341
-1.73798341488
1.18978938851
0.524270139608
1.50724986713
2.48435359258
-1.77572407758
1.39179781232
-1.5216451452
2.13186839787
-1.37864747396
-1.1031490478
2.2950368688
1.35822416769
0.615372750037
1.03004396029
-0.703969607143
-0.351131224651
-2.36364785327
-1.35185948957
-0.579985749186
-2.42862817217
2.12876181946
2.39594952962
0.196668299058
-1.81438664928
-0.199614118469
1.32440067757
0.357645536107
-2.48415323236
0.26661406027
-0.192077990536
-2.33015798249
0.323634453702
0.421271770125
-1.72948984492
2.11703257505
1.81371349269
2.36133878414
1.20244545362
1.23777505696
1.81537088347
-2.11534218762
1.84328726571
-0.87650030411
-2.00367447734
-0.850691322413
-2.25928196553
-0.0928833645119
0.408285334039
-1.81198349557
1.88350363088
1.30315578811
0.988288180318
1.87198695023
1.01508032489
-1.90490952895
-1.68369637665
-0.0416452513871
1.49485934288
2.30665695677
-0.901269069391
0.856486356008
-0.342182044849
-2.37332431354
1.8173026864
-1.3924445884
1.95694444204
2.31516067623
-0.608881084118
1.26865776201
2.54397506739
-0.173863561554
0.976172966426
2.31161389634
-1.20079912545
0.818206893029
-1.00579172866
0.679230782391
1.74752887557
-1.87816072843
0.306619097832
-2.26413396631
-0.617366857207
-0.399739509328
-1.12558364501
-1.79009830883
1.14370256894
-1.75729791403
0.483755947705
-0.782154508341
1.87603498271
0.591309103269
-0.88738578447
-1.89686548309
-1.71256345069
1.82760027196
1.0480380949
-0.182980978511
-1.44921656007
0.259397060264
1.54689240911
0.652160470054
0.444312249456
1.11692810795
0.819765564702
0.632639885025
-1.40138389521
-2.23933112456
-2.51426211311
2.19886949976
1.44916732181
0.080332855977
-1.26750292023
0.134877167426
-0.6257201389
-0.245505719196
2.11098419841
-1.72039535957
0.842304026435
-0.718500314349
-2.46950388154
-0.228733670626
0.0442799767487
2.25786904136
-1.41940254895
2.46166327277
1.32619573545
-0.35317748555
-0.344614260969
1.33129928683
0.357424684331
2.46996395907
-0.483582211652
1.82127291572
-1.73758363533
-0.932270260558
0.317666497934
-0.468864790855
-2.09935842992
0.820927930224
-2.39330037828
-0.993160394772
-1.28868743437
1.13070277867
1.35612887399
-0.631378325214
0.654165569054
0.693332614343
-0.956608108078
1.68751803591
-0.0340935024341
-0.134427007679
-1.36842385326
2.52006729561
1.46237052113
-0.915625063788
-2.0251748752
-2.46690158025
0.133827383606
0.780623440684
-0.393352857932
2.36535370393
2.36191484232
-0.112123486134
-1.14300809679
0.992181589836
-1.15613404357
2.43410626618
-0.785896312562
-1.88502297514
-1.85836566956
1.64131162004
-1.63204726005
0.860694194804
1.7616187313
-1.88585775262
-2.40961001919
-0.904915831014
-1.9638499174
1.16069955275
-1.53064324098
-2.41178939054
0.457673578383
1.50302046849
1.87670564919
2.02638072397
1.78116701812
-1.81331653819
2.38699062543
2.0629123131
0.2837264609
0.123245207318
1.50854417079
-0.661517861601
2.56180711453
2.38425680802
0.582249422687
-0.603187154299
2.85605018811
-4.6026797444
1.63877796344
0.0112452130988
-2.04274763264
0.564515386882
-2.17527229867
3.06782652958
0.249062205529
-2.38062977359
-4.59408333677
-3.29760663997
5.44162637888
-3.59242580273
-4.95200436794
-0.247681662463
-0.899228410219
0.864459900303
0.162914133525
1.46553556025
-0.705943451739
1.44280771016
-1.93990473431
-0.483292670661
-3.25665062715
-0.803017948171
2.97095739484
-0.028100805244
-2.93866537715
5.71756465996
0.886496014907
4.6370861282
-2.55411797183
-0.383901403077
-0.425323158412
-2.79125533396
1.28744295703
-0.59886302411
-2.83363088344
0.97935034883
1.75954405257
0.328294117161
-2.22875170887
-0.280708850488
-4.41592377513
0.748296919539
4.20735497081
-0.261682164299
1.74771563238
-0.742890593887
-9.76458275218
-0.605624245095
-0.0316411313661
1.49260817177
0.549951660898
-1.37161951238
4.81857263167
-0.0159994115053
1.27755840925
0.44136901291
-2.373614286
0.148095828273
6.8313145306
4.1570575756
3.9243662612
-4.1641131692
-2.63194159321
-0.755456115172
-1.89042370542
2.61212440248
-0.629860223045
1.44692126258
-0.319944946638
-0.738570054198
1.26284171187
7.8518169745
4.12024624211
-1.64674140324
0.115846704779
-5.10024119993
-4.15321315315
0.168735435949
0.469967781807
-5.13689239851
4.69288460006
-0.980207751868
1.02953986865
-1.69787095394
2.1156395978
-0.183882603678
-2.69686747416
-2.77486839993
-1.13262613539
0.325508480219
-1.78507010647
0.0449626963517
-0.171741265163
-2.58893849989
0.00809862032885
1.50090940714
0.832125640003
2.33152383231
2.64826679363
-1.47532453405
-0.593621620507
3.19199796162
1.50798285289
0.778948243359
-0.994087354167
-0.662805349289
0.340015287516
2.83104038029
-3.35454334652
0.00509454255895
-1.23163108804
-4.31889463978
-1.12829905044
-4.00148451779
2.0358001192
0.35191531929
3.7178723559
-2.3036782194
0.529072759792
1.67408685622
0.394241167493
1.04103316564
-3.44933164773
-0.98466686508
-1.9039743158
4.92075834221
-0.726660762401
0.643609435196
-5.77609848199
2.92440152154
-0.398834717883
-3.6761472581
7.02326111952
2.91352803772
2.34036078131
-3.50003664138
1.28261794246
1.43547900007
-1.78784083521
-5.83152133007
-1.93954540271
4.02191970687
-0.0866807435766
2.88398874214
1.02324622569
1.20407094625
-2.8233725636
-5.90258350419
1.08126968946
-3.1933428482
-3.09848140749
-4.77670987106
-1.61628592168
-0.752599894511
-2.0395073208
1.34947986734
3.49722898236
2.00151637534
2.66834512971
5.57080237139
1.26890308455
-1.11211344692
-2.39037711443
0.710369583743
1.55635036835
6.1850909344
3.33998019536
1.27264476475
-0.239636836331
3.64296471951
-3.04148730892
0.404068404622
0.512141998759
-0.00711192450831
-0.625294507461
1.38663359527
1.56738681347
-1.79275580239
-3.81282579524
-6.25924984568
-3.49710441242
1.04175347773
2.38046328801
0.994390329843
0.942388373817
-3.58576677653
0.536352975742
-1.02474763447
-0.294285108973
2.94093947394
3.63815238784
1.87775596364
-3.46713869987
2.04450934104
-1.05760398207
5.9198924401
0.908641924554
-1.28289749151
-0.542128874571
5.82566648419
-0.409540794014
3.70624101513
-0.175851496873
0.250694770732
0.0745829252433
0.905950300519
-3.41992536317
2.0069542922
-0.134945720923
-0.213799169736
8.72879687101
-3.99208267513
1.57002693574
5.50198232188
0.0597167546836
3.03312329995
-4.7876361134
-3.34924263873
2.98664993212
-1.52740030487
-2.10425611476
-0.0879735159276
-1.02422727911
-2.29141248133
-0.376820487859
6.51497297508
1.92369569631
-3.62205259823
3.14128579671
2.03113246038
0.961300602989
2.14190235771
1.81899749662
0.655880518174
2.20289968028
-2.10619390847
3.87343154369
-0.897342050194
0.347745199384
4.03624446774
5.64761842547
-1.80622936718
1.25079102721
0.450384844498
2.64519843589
1.21891667832
-2.36456269334
0.997308121608
-2.38900671647
3.4386338222
0.222957041382
5.07289896351
2.77052384636
-4.12144119366
3.09789560844
2.39149383663
-0.797495715132
-1.09642925487
-0.359319779253
5.53110105039
-2.60149895336
-1.38157753461
-1.60951067967
-0.545768819841
0.660741012347
-1.01647670377
0.744605595197
-0.595855363666
-1.85635590393
1.73287315099
-2.19522713858
-0.453499154975
-2.55064160972
5.52409575732
3.64032197414
3.97741794898
-0.339859276205
2.37621244157
-1.06629622286
-0.600152455246
1.88061487091
2.8053676706
5.12203259923
-1.72752757333
1.41191558103
-1.34609000837
0.304021407481
4.32236862685
4.69089213586
-1.91229752418
2.48372651805
3.62774900201
-1.89747636241
0.37400685618
-0.265540859521
-5.36635576577
-0.301581672911
-0.306103089817
5.615502958
-0.213572537026
1.41874771233
-3.84085016109
3.91419291786
-1.26696817545
5.37230378221
-0.0394791008479
-0.402569101423
2.17061308326
5.67716728775
-1.39592879422
1.00420903588
1.78666506606
-2.34585636063
-3.52891173189
0.905022326977
-2.62839662032
-2.75237660832
2.57031561514
-6.05672440734
2.40316915547
2.52793417352
1.5371521651
-1.11425645246
-0.886096284532
-1.44663400424
0.323943022224
2.40385433896
1.95169212201
0.402181058873
-1.17368220411
0.195890934613
-0.738968371031
-2.21133974578
2.51452729317
2.2306729215
1.07007651015
1.91279040904
-2.16969218719
-1.30947138486
-0.421728947896
1.26572430977
0.447240651081
1.32068612204
-2.36217914247
1.30858114253
-1.23325384647
-0.835825595719
-0.369502793628
-1.8216257958
-0.48192834362
-1.54961019357
-0.100745360984
2.21220100849
-1.49699296942
0.0332213589739
-1.98682687045
0.423532748078
0.152672294758
-1.67328648428
2.28888293259
-0.0984438500422
1.08019374363
-0.181166292767
1.91038383574
1.40180541904
-1.03525853044
2.02980839739
1.02001366211
-2.00752270287
-1.78475454682
-0.019483748486
1.83750111966
-1.30251868169
-0.918425485796
0.0877254855939
0.561381491022
-0.359344752766
1.36660533651
-1.59617455282
-1.19703936211
-1.05015134596
-1.99903251766
0.429236499576
0.551522187232
-0.160769645238
-2.14271183937
2.25879385183
0.823959890702
-2.29501058353
-1.72492651482
-2.01479249748
2.24665087473
1.75303522496
0.960720610449
-2.34781753173
-0.224700206213
2.36796484246
0.310173719138
1.03454283404
-0.670506087983
0.986142515718
0.982586292851
0.517831194117
1.43599423996
-1.90295366477
-2.53111029747
1.9805749294
-0.359373757635
-0.407959694382
-1.25434420424
-1.87387209145
1.24089071062
-0.29577277791
-1.12142780986
1.28393189516
-2.06391852094
1.14261122726
1.88272470927
-1.07483681731
2.2096767631
0.948550129068
-0.989047674567
-0.654231450059
1.71651419187
0.642554056338
-0.220758864586
0.545536687078
2.38066570051
-1.01186365964
0.0855394345252
-0.726029892287
-0.273854857682
2.49499659309
-0.2116548376
-1.77907454244
-0.653503762221
0.642986162891
0.587709932161
0.751383018332
-2.04061482083
0.107963804039
0.924943904482
-0.617555785519
2.24742719642
-0.761838362544
-1.23343398934
-1.72978973196
1.2015130573
0.524431333232
1.51394248041
2.482959927
-1.77859423085
1.39522927291
-1.52382255321
2.13599180569
-1.36781201466
-1.10206902572
2.2923128511
1.36042910271
0.61267080292
1.03841360644
-0.692915588824
-0.345824217285
-2.36018508676
-1.36567364932
-0.583227304286
-2.42563735467
2.12098638117
2.38928166529
0.184425955194
-1.80237468404
-0.20069512331
1.32261838634
0.380895561467
-2.47667350546
0.274029710507
-0.194806120275
-2.32376149287
0.337570776268
0.421910360757
-1.7269312779
2.13537401703
1.81273993687
2.35816250127
1.19622065205
1.22241256217
1.81496441822
-2.10153884103
1.83793465178
-0.89495718176
-1.99670088522
-0.840611677918
-2.26492216733
-0.0937589907015
0.410431181573
-1.8039443972
1.8816385805
1.30487415213
0.976379472946
1.86803281262
1.00838494681
-1.8960212496
-1.67874124535
-0.0577877348532
1.50462393669
2.30246953355
-0.901613053635
0.858989788455
-0.344156937123
-2.36146459671
1.81283370819
-1.39405498285
1.95514660997
2.31839471828
-0.6187135702
1.27229535045
2.54304317666
-0.171452591485
0.984246985693
2.31425887614
-1.19182067242
0.809213429164
-1.02713062008
0.668938908203
1.73318306366
-1.86278557619
0.286752145254
-2.24902475032
-0.613937480479
-0.393466771732
-1.1283515203
-1.79290102002
1.15179409236
-1.75222171027
0.475573680706
-0.793435862564
1.87663365843
0.594903233753
-0.885392800855
-1.9094428912
-1.71715554393
1.81984083418
1.04399239419
-0.195759311752
-1.44964229972
0.249701465692
1.52724523591
0.653375937688
0.43943891394
1.11659219737
0.818184072074
0.634711165227
-1.40282032265
-2.22680201546
-2.50019811637
2.19349523625
1.45637775263
0.0970009102568
-1.27368768464
0.129224443761
-0.617878781081
-0.256505099882
2.1213388132
-1.71825556102
0.830414897262
-0.730937686001
-2.46394119736
-0.225985644972
0.038704968956
2.24887095008
-1.41968833445
2.4675500774
1.32433131763
-0.346966420848
-0.337173049268
1.3213863983
0.372689452316
2.47375804603
-0.490592660069
1.83214586619
-1.73136928738
-0.911841888007
0.334001460917
-0.470641075969
-2.09680863522
0.827361619418
-2.39888981843
-1.00134714706
-1.29114465943
1.14867781738
1.35838628902
-0.629793901639
0.659881047395
0.690806755769
-0.949239180663
1.68522270464
-0.0361783481023
-0.137356625208
-1.37287869393
2.51711103414
1.43643109219
-0.915332663892
-2.02832236282
-2.46273144106
0.128058412789
0.775068496683
-0.40192049919
2.36389185289
2.36810196883
-0.104432347656
-1.14457130902
0.986548592829
-1.17872505831
2.44115336264
-0.772978231475
-1.90056061309
-1.86095767025
1.64488034873
-1.62801231043
0.8595782926
1.76336981281
-1.88997181548
-2.40659216319
-0.904432591639
-1.96907646142
1.16794088832
-1.52337962489
-2.4106292186
0.461324592391
1.49293842401
1.85440727411
2.01066226645
1.8046103311
-1.82144662973
2.38900053676
2.05065049089
0.279071589737
0.131207548511
1.50650879216
-0.662534672568
2.55541546876
2.3969635831
0.570918911721
0.16609835959
2.63903009786
-0.838673384999
-0.415273652552
-0.353579429209
-0.635584622464
-1.48015131399
2.79779202837
-2.27550906063
3.06948323546
0.870998194465
1.90269793624
-0.214927373262
-1.29575975887
4.4641366977
-3.50595089974
-0.663554442046
5.2320207237
2.30247325755
2.79102223201
0.794533250324
1.43506251522
-4.59167916816
-0.200802819906
0.531761260821
0.915023265168
-0.591851301559
1.07206167307
-1.26531342804
-2.82069423966
4.71853298521
0.980368178497
-1.11942109523
-4.70832128084
4.81788730492
-1.55398172528
3.78643428077
0.418486969876
2.27254642413
1.06539522336
0.733090471901
1.07646341956
-5.36149518672
2.57662881445
1.96191798484
1.45971712828
-1.51074207669
-0.0315174561348
-0.341590043001
0.427902844393
-0.18047128909
1.10605778364
-0.514309788974
3.2029491028
-1.53858305166
-1.16543138154
2.84562354746
3.09594037215
4.13070258809
-1.88631809515
-1.70496701046
-3.14692498665
-5.53502629892
-0.522378282444
5.05596888486
2.09236925052
-0.648310683327
-5.55413872906
-2.39990166912
-0.757806330578
0.93021493226
-0.435444176402
-1.61765234104
4.56173741359
0.732376236932
-0.830439595797
0.592160595172
-5.46484198426
4.1190556017
2.86579854922
3.22195952359
-1.62653478052
-0.068412281056
-2.4386398435
-5.47690657471
0.0752682874133
8.56913156216
5.23421563829
-4.98734497971
-3.21388005669
-0.240470635468
4.1594743608
0.317744736858
2.78716778994
-1.45540581253
-3.99352525139
-3.25434836222
-0.855196637926
1.60029603098
1.36834393785
-5.36911030838
1.18255690285
0.500833071136
-1.37425669398
0.687048421387
3.09749217268
1.76253998941
2.66864853922
0.501827791812
-0.53053175854
5.29079883283
2.68794774182
-0.504365211226
0.0721982946332
1.44687120897
0.334851430713
2.98996954147
2.01607387261
-0.853154757792
-3.31224503898
-1.39829607504
-2.83530644885
0.721069204334
-1.3976675872
5.98825287228
3.17036042257
0.676121373528
1.18838856401
1.47069217786
-0.00164447126021
0.0781250952683
-2.3863967666
-3.58520834421
6.29688375388
-0.748251547274
2.79702359541
-2.3306495886
0.270590380367
4.11206709315
-3.08202910321
-5.01632483012
-5.8887819686
-3.48414520664
1.76595360068
-5.57890531246
0.83960890496
-0.579178879117
-1.5058415309
4.6737493763
8.35004452205
6.08737700838
-5.28612375939
-7.1608299225
-7.6359119653
-1.15956208951
1.90544292051
-0.92580188021
-5.2612950108
-2.03969689318
1.66719108616
4.10414044208
-1.56271182012
-1.04804878646
-1.75518849325
-2.43023331248
-2.10102263
-2.3593275391
4.46706120675
-0.628950886716
1.51494696464
-3.70466278366
3.79550319757
-0.4135810461
6.55253881679
-3.90477219115
5.08850762837
-0.839372040742
2.42360937815
0.979133488178
-0.0323929388237
1.22486163628
-5.52685717234
-0.125083107394
0.632855027225
1.49030207153
-0.691426908363
0.344485718028
0.0183484327851
-1.46266586426
0.748110278293
2.2086086773
-3.91836296791
3.74686341097
-2.55064902485
1.99827270678
-2.60565784222
-0.843054732598
-5.13719293675
0.985469893927
0.625056275496
-3.6625393655
1.17977716166
-0.268257966562
1.17520849381
1.81162780851
-1.90255026474
-0.0640946394267
2.61970616442
2.87231247978
1.99844867577
1.4490666527
-2.52379512194
6.72915122986
0.719778864316
0.192264602691
4.68217215659
-2.97750485562
-5.59510028014
4.47591289097
-3.41260822817
2.8184119411
-4.43448432993
-0.466899734155
6.75530245323
0.820547435965
5.2306970226
-0.120028367546
1.52936779591
-1.47628865892
-1.35342340257
4.497512996
2.96851106832
4.17892462888
-0.437165119371
-2.44806196517
-1.87988541178
1.03140165134
-0.283522829081
-0.22164753017
4.0814784209
-3.36174778679
-1.1353001821
0.777091886065
1.77183598485
-1.37204683094
-1.12001593447
-2.6834992647
0.983890464476
2.00214052718
1.56649159923
-0.471663370994
2.54830486424
-4.06670496598
-1.54671956592
-2.46141824944
-6.04351792804
-1.95192414729
-2.20045012273
2.06969461972
-5.6603336747
-1.58956115962
-4.40632883697
2.27885882381
-2.22744926792
-0.309000881836
-1.70552214478
-1.54145057255
-0.371150964579
-0.816309075397
-1.15397754875
1.6365587507
2.8943319858
-6.98250549506
-0.867632300223
-0.77400232832
-3.27588635823
-4.69683879332
0.920803139534
0.281390531067
5.86362621973
-0.711182878279
-1.49815588601
0.340924233219
-1.20408930078
-1.95929726944
1.62537986274
1.46446759234
2.34398490095
1.91477439358
-3.67802608561
-0.907422418255
3.02617540337
3.94096339655
4.88558692784
-2.51329127569
3.43855375031
-2.3871556414
-2.07784853483
-2.16510353773
0.514100399716
-1.96473579191
-2.85906959125
4.9317712432
2.66864576372
4.55675342547
-4.21011411794
-0.538766939656
-2.51364358522
3.08115594091
-2.53483320863
-3.11193855837
0.939461842998
-2.41183262473
-4.42189005937
-0.95463645361
7.08024352715
-2.36881649477
1.70912313447
-0.202012998175
-6.54771240002
0.924659063345
-1.08126236565
0.693629238762
1.45083829108
2.40964042263
2.52180040047
1.52045773265
-1.1090559516
-0.881097488122
-1.4815394388
0.328305963093
2.3926507229
1.96027119688
0.400488028548
-1.16056133178
0.197722576581
-0.743426331665
-2.21071191836
2.51725809483
2.23665081227
1.06186724539
1.9288732767
-2.17065970675
-1.31602311884
-0.43248348159
1.26233493536
0.437094489324
1.32364257881
-2.35873472403
1.30044808361
-1.23436006345
-0.82610281875
-0.368515826862
-1.83081075171
-0.488627599501
-1.55400147425
-0.106283792249
2.21050726805
-1.49764501479
0.0268913932667
-1.99013388709
0.41388279812
0.146894569293
-1.68648062867
2.30333635983
-0.0954855650133
1.07990437172
-0.173797064631
1.90162249981
1.38389248057
-1.02713502545
2.02486059889
1.02897538928
-2.01815625438
-1.78496510885
-0.0118439113132
1.84457321498
-1.30129673511
-0.920065057847
0.10905296528
0.557478753467
-0.368580429174
1.37542485642
-1.60009887758
-1.18251927977
-1.0401319255
-2.01092116513
0.428246559703
0.559840218311
-0.152943721406
-2.13238557581
2.26602109478
0.822115284161
-2.31015465975
-1.72963993827
-2.00476466893
2.23556661009
1.75481709817
0.954569326381
-2.34241625008
-0.223334741099
2.37108824426
0.304440018172
1.02085885126
-0.663638615643
0.985469903067
1.00222582263
0.532398790464
1.4229938154
-1.89849767109
-2.52112337493
1.97545264061
-0.346292881117
-0.410299855316
-1.25537819288
-1.87844995641
1.23743760992
-0.308388445746
-1.12394857084
1.26822875807
-2.04644263192
1.14998218607
1.88987801778
-1.07837100294
2.2079199777
0.949856466455
-0.994958625697
-0.646959370418
1.72183764812
0.652170911436
-0.224499559889
0.53695369608
2.38621442488
-0.99390152858
0.0866328990242
-0.727483441023
-0.262538559491
2.48484717183
-0.208959934379
-1.78670199764
-0.654176962452
0.633768030884
0.60393375238
0.741132029779
-2.04867883682
0.108313288426
0.938386964538
-0.600049693135
2.25006507655
-0.763488503867
-1.23198478643
-1.71541551649
1.20587178698
0.5344430828
1.48976691683
2.49109387342
-1.77473107764
1.3918302818
-1.5275891589
2.13927633926
-1.37276060508
-1.10561370916
2.29373861196
1.3454566006
0.610962129245
1.03285558365
-0.699749631401
-0.341677138223
-2.34489104138
-1.36366286244
-0.569547654866
-2.40132431317
2.12604452552
2.39631261643
0.190283427555
-1.81897475514
-0.20318530518
1.32048917803
0.364621479504
-2.48919513209
0.258523412457
-0.205765553883
-2.34253670389
0.341715610333
0.407143190919
-1.72678049772
2.12094000636
1.8244671973
2.36135085097
1.19822801418
1.21705501277
1.81570217947
-2.09751933079
1.84073497981
-0.886444489675
-1.98195511943
-0.841799889281
-2.26489626991
-0.0969477095883
0.402617010711
-1.7936084597
1.85994737103
1.29225893057
0.981113498585
1.88357347234
1.00586266179
-1.89924171969
-1.6737813868
-0.0506909941533
1.51749659778
2.30919799037
-0.906096975315
0.861347644663
-0.336036438278
-2.3552470821
1.81984209968
-1.39844352805
1.95642507316
2.31967326437
-0.607603325031
1.2721944924
2.54719002838
-0.18531383201
0.981089673313
2.29761460596
-1.19915352382
0.821583316026
-1.02316079868
0.674841652462
1.74379813485
-1.86642578724
0.291309432362
-2.25098384702
-0.608724296262
-0.38914619181
-1.13429660814
-1.78660350004
1.16193772887
-1.75457340671
0.487626108619
-0.79284086471
1.87315634568
0.592951142984
-0.888501572979
-1.91435258797
-1.71898887821
1.82197162093
1.04837895418
-0.189512459742
-1.44324327864
0.240124130207
1.52617959827
0.660520856368
0.441213497488
1.12605232517
0.809679940203
0.644248410281
-1.41182051897
-2.23782703922
-2.49471781925
2.1884513073
1.45330743322
0.0858380201032
-1.27916591767
0.120663415648
-0.620086826891
-0.261980908995
2.12357014592
-1.74006215177
0.830672531993
-0.733418926467
-2.45420108306
-0.238284297531
0.0340265266663
2.24723065033
-1.4265432617
2.47451668512
1.32729136303
-0.35363441481
-0.339441957831
1.32147415894
0.365228278508
2.45409232036
-0.498475046171
1.84363544201
-1.74582288842
-0.919984938661
0.333222251063
-0.473774487238
-2.10167822854
0.823671401003
-2.39435027353
-0.982801286821
-1.28977231699
1.14352846749
1.35063019366
-0.626100822028
0.6531656014
0.692010657223
-0.952886407701
1.67963641065
-0.0297996786693
-0.129035640096
-1.37046777631
2.51737049115
1.44385595968
-0.916368033085
-2.02907648879
-2.43979408731
0.129411037638
0.758787126759
-0.404184354228
2.36831676908
2.35714467851
-0.094148800929
-1.15249161711
0.99488274636
-1.18890686742
2.43331694482
-0.779931714865
-1.90012570652
-1.84700024741
1.63042166036
-1.63104021245
0.8458325673
1.77673476974
-1.87614139638
-2.40252995176
-0.893437811194
-1.97732641047
1.16508004261
-1.52593110115
-2.43188592856
0.457091809075
1.49741814046
1.8672695443
2.01092878276
1.79640982097
-1.8206663658
2.38905510707
2.06555767769
0.280114310423
0.122013136775
1.50680837562
-0.665756493591
2.55624001928
2.38512183741
0.558843274197
0.0887703494219
0.427558364765
1.62244038475
3.3686580321
1.08422966696
-0.252574200592
-5.23682902239
1.32798392068
-4.63877811192
1.66622924577
2.10003447135
1.15204891876
-1.30091043877
-4.45285053926
-0.364568030926
-4.00982009666
0.553991066558
2.85870899265
-5.61588915774
1.17737264407
-1.48523823124
2.15311061047
1.40802189661
-1.95947409583
3.71973389892
-1.30937998996
-9.25967559729
3.63047508563
-0.4562372522
-1.50516952326
-0.638622969957
3.89388189502
0.0842648561001
-1.5182117915
3.31663720788
-0.0664322729992
3.35151829239
-1.65702340001
-2.20151169512
2.0639068126
-0.999144910988
1.53488187738
5.92322475862
-0.250880320416
-4.05405812845
-1.87777864943
-0.747893449639
-2.95837278994
4.08707791755
3.28944070246
-1.25660657364
2.07971085145
0.239554162104
-1.45340249004
3.40800834098
-1.30651440094
-1.6271291218
-1.83205701993
0.685676641061
0.321355911974
0.701181709056
1.00470554238
1.85886911666
2.93468950987
6.87318738965
-2.71034451128
-0.195173218871
1.03820883202
-3.21764348769
-4.89445424621
-4.35661229336
1.19997955662
2.93110518384
-2.34988520444
0.131316080926
-0.495319713123
1.11048610089
1.06780585789
-5.50188174989
-0.662725267702
-2.66065086326
-0.213223203647
-2.42580146657
10.5043238932
-0.587010095414
3.11424505133
-0.786039906433
1.26344893209
0.000144830303193
-1.41062142417
-1.12080972927
0.957363805567
-1.08381182242
-1.6141110441
-1.1835593332
3.83611510101
0.575581456978
0.576659364864
-4.10832738272
2.76643724295
0.86871317284
5.56792664935
-2.09903209259
-2.13633051429
2.63573570644
-0.699277639087
1.26532875614
3.08264912065
-0.721625343668
2.60368986883
2.23080488003
0.247332805962
-3.81501132982
-0.324136458779
-5.53620285351
1.70942030453
1.98860833356
-0.236484757434
2.09240516807
-4.87187231202
4.53821269546
-2.56458073677
-2.29334271885
-3.72044132391
-1.07538145577
2.02047667962
1.55537960289
-4.76966212623
-0.053072252971
-6.77641858723
0.270505377775
-2.24030011386
2.33984749849
-1.11295542648
1.61963984916
2.63365660473
-2.92572047128
-3.31354962165
-2.07590657204
-4.61473864169
0.321003543201
-2.90007882199
-1.7818691797
-0.0804676567209
2.21492946196
1.05852734039
-0.665551686065
2.98719780816
1.86966634144
0.772868466858
-2.89544272058
2.00665489755
1.71764880889
0.910939055065
-2.50105308729
-1.20095790679
-6.73860841299
-2.19451384722
1.41059031255
-0.163146819983
0.854252050757
1.89366661906
1.82554562464
-1.83223693556
-0.775888423169
3.16427520822
5.88272596821
0.806133273455
-0.126355603672
-1.44415829099
-5.16458555231
5.91569352931
0.229829277388
-0.127797261776
2.78878724178
3.80239567444
2.26373526549
-0.598042447834
-1.20527108418
-1.63591338088
-0.135387056465
0.341745852795
-1.91334632159
-0.439136737896
-0.794106081977
0.452519308117
7.06073449508
0.0623417182359
-5.26233230689
-4.78933801804
-4.76232828508
-0.441309265488
0.582661131462
0.676276691271
3.36423696358
0.899273223416
-4.54045273922
1.34741655442
-1.10702462465
-0.179981653442
0.64361471599
-2.30188108787
2.04819153477
-2.96606004449
1.36530812348
-1.86378432627
-1.26262093252
-4.27695661775
1.51720139686
-1.81203150764
-2.49261773917
-1.05527476414
5.06640941516
-2.99554123182
2.69569930641
-4.66139555638
2.4477238902
0.170928994775
0.788770639422
-2.31832323406
-1.74051135391
-0.326221539645
4.65270681672
4.39639388246
1.08156478233
4.1002799705
1.1230416702
-1.3580180957
0.210512864588
-4.48683200235
0.0708928795215
-2.48746970096
-0.630668938839
-0.524067687286
-2.24387095047
-0.314021062074
-0.787286684365
3.83893462344
-3.1550621844
-1.7750547688
4.48767715024
-4.08025090442
1.2017758862
0.44605510818
0.165951471824
0.944500501503
1.29688516484
2.21041448578
2.96741397551
-3.42863973691
-0.719473101062
-2.48104046143
5.33685743032
-3.58273552191
-3.3086482147
-1.72428256235
-2.07068532571
0.598716132483
-3.76432562028
-3.62126613008
-2.55263616808
-0.423562949229
-5.38802504893
-0.591391553342
0.611017231032
-1.07245073623
3.00167510133
3.59114762284
1.01183072079
0.819904545784
4.23431646064
-1.5879565921
0.958425575446
4.52399236101
1.69402318453
1.23325406345
2.87377957234
-1.46088772408
-5.10086775506
2.14143950832
-5.56072121917
-7.35453732151
0.419751680495
-2.85623082052
1.9196385291
-3.46456490197
5.46227907837
-5.97216211561
1.93450902732
2.63610796953
2.41226439107
2.39392887991
-1.15521341491
7.468720782
-3.43035733506
-0.727510248324
1.27633454006
-3.09202113703
-0.256665580004
-3.64712025524
-0.747405502038
0.992577701289
-0.391918727329
2.18060482365
1.7381063571
-3.41881035934
-4.48883086871
0.337855990277
-0.0684744970533
4.71022752352
2.44095911891
0.695960746149
-1.43099300447
-1.80073887364
2.52482869648
-1.29276211208
-1.78563496398
-3.87697518297
-0.0996835609134
3.78477678381
0.980028287396
3.62597675655
1.33340106567
-1.12172455861
2.42949103574
2.50886086095
1.53012637928
-1.11148415254
-0.88035375754
-1.49603760526
0.307899034544
2.37954211704
1.97383405705
0.420838000116
-1.15988757271
0.201816615425
-0.755952051944
-2.20842048828
2.5217277518
2.22944763842
1.05607616142
1.93752082215
-2.18497475823
-1.31188637826
-0.449707397899
1.25987304128
0.434731743697
1.32578711355
-2.35548109373
1.29395439025
-1.23917802233
-0.815589660089
-0.36981133733
-1.84010551988
-0.458945878986
-1.54631710985
-0.101761306279
2.23185382518
-1.49959386901
0.0226370093611
-1.98849611063
0.426842802799
0.165141384024
-1.68107440029
2.30007280646
-0.100837374001
1.06870802747
-0.178989946505
1.90862970021
1.39499187323
-1.03496047325
2.0242949515
1.04475457141
-2.02041472283
-1.79265826132
-0.00680750656187
1.84675160822
-1.28926365815
-0.915341033367
0.110055617638
0.550782763269
-0.370431648259
1.37338011114
-1.61915870572
-1.17797483973
-1.04990569685
-2.01748203308
0.447725297569
0.550512252149
-0.166652513944
-2.11985393594
2.26358848312
0.820565443402
-2.30889206027
-1.71857307754
-2.00778886084
2.23197936841
1.75471961932
0.9730151858
-2.33679238855
-0.245584916219
2.35770086168
0.306749600564
1.0077121505
-0.679946956922
0.984138451499
0.984518017802
0.528189570397
1.4083895212
-1.9051428089
-2.51768012515
1.98490020828
-0.348885537845
-0.413787258485
-1.25284600821
-1.86785513761
1.23622882792
-0.299681432234
-1.13192245772
1.27621493945
-2.05323522037
1.14751641964
1.8977600124
-1.06944600796
2.21394988722
0.958361367012
-1.00065959899
-0.644694582546
1.73469355085
0.657343680225
-0.21191329041
0.556316225595
2.38540121086
-0.98384523866
0.097177980097
-0.724756895429
-0.26513781468
2.50834909041
-0.193316525273
-1.78161390109
-0.666450611433
0.630921162986
0.602990799055
0.742841385282
-2.04440417182
0.118676085421
0.938621783519
-0.573471087854
2.26404521512
-0.760432818411
-1.23448279874
-1.73214437233
1.19613282762
0.526009781632
1.50779572245
2.4911045466
-1.78008056296
1.38944764756
-1.53317033889
2.14125074539
-1.38697920543
-1.11456498477
2.2733481587
1.36261082511
0.616604228029
1.03318602377
-0.696426737326
-0.351191245166
-2.34149232893
-1.36523059891
-0.557940191205
-2.4162341488
2.13337575322
2.38635098773
0.189275606379
-1.80970747051
-0.216422821582
1.34112545961
0.36499005048
-2.49288199565
0.258059695559
-0.201547615584
-2.35193157981
0.339543899499
0.379517006826
-1.72662536629
2.11731156908
1.82015781184
2.34345491538
1.18103905428
1.20972815911
1.81734130419
-2.10024345426
1.85135277133
-0.886680604648
-1.97845916975
-0.838892631603
-2.25466822743
-0.111834806491
0.403703080212
-1.79011353514
1.86252868009
1.28793250463
0.965425627918
1.88192382139
1.00608374333
-1.89361293786
-1.68664480265
-0.0414724656208
1.51361141383
2.30456892294
-0.906886694195
0.861778215137
-0.343815657059
-2.36479253847
1.82147337571
-1.41056638553
1.96380580268
2.31510697676
-0.611476772539
1.26091162254
2.53165817798
-0.190124565074
0.97363170902
2.29116125522
-1.19666917256
0.830854047416
-1.02701457367
0.680052030565
1.74609110169
-1.87401087036
0.307979576915
-2.26019783601
-0.620609777108
-0.396353310644
-1.13370888582
-1.77057676244
1.17128918867
-1.76204438034
0.511172581419
-0.802463196357
1.86972635274
0.598039924864
-0.898690787745
-1.90969549984
-1.71213056661
1.80738906522
1.04277445827
-0.195532193237
-1.43466298939
0.245163487394
1.53349595616
0.666643966058
0.463856015968
1.12198958182
0.800871572199
0.631445900078
-1.40691664476
-2.22994833523
-2.50557902298
2.18225897058
1.44400472057
0.0999492550626
-1.28390365671
0.115647786876
-0.624767640019
-0.255393712594
2.14116443804
-1.71994378599
0.840881839677
-0.752523172222
-2.46074714203
-0.248001302518
0.0340112116661
2.24405059141
-1.42165075421
2.46525341664
1.32023413904
-0.358394300574
-0.341863031905
1.32804737637
0.372693891074
2.4638389794
-0.495969932374
1.84827811928
-1.73662403102
-0.902957298361
0.336960872425
-0.474319539707
-2.09436298968
0.812241725634
-2.40921575964
-1.00797829126
-1.27615631463
1.13572322429
1.35197456046
-0.620141213815
0.661484759005
0.712308663469
-0.951431017243
1.6908870408
-0.0331545007078
-0.127632652484
-1.37690382007
2.51867564488
1.44905575636
-0.901062231605
-2.02895299797
-2.44698307052
0.124829882939
0.758189017706
-0.409980508094
2.36206556896
2.35906681661
-0.0923928243769
-1.1460180681
0.991728400514
-1.20219572285
2.43593567913
-0.793344900995
-1.89936039792
-1.85718144472
1.62952736156
-1.63791138703
0.855413565954
1.76476572651
-1.88045545097
-2.40005152056
-0.894491236575
-1.96626669524
1.17751319538
-1.52228210558
-2.4111467122
0.440457064423
1.49719318638
1.86094887855
2.0164716435
1.78269688648
-1.80628504394
2.37779656042
2.05820316775
0.284236871544
0.10046610231
1.50163821974
-0.661977610659
2.54617061349
2.39333560037
0.564215597213
-2.45633669359
0.729996597825
5.63686972075
3.14996673038
-0.0260940149909
-0.622690013498
2.59289603083
-5.23773413595
-4.25867563914
-2.79084501379
0.326721441001
-2.6783430032
3.97005901116
0.0237238411426
1.92930400118
2.81029980663
0.694161068492
-1.8386658687
0.977045706471
1.61335644432
-3.89293809861
-3.96709524092
4.02055313467
1.59056513401
-1.70873622967
1.38198346245
4.76903683034
8.6228467752
5.74534993231
-2.73346560522
-1.7583181478
2.19569034771
1.34915855265
-2.76013475063
-3.09975132622
1.38316771233
-0.0277864883649
1.1121540866
2.50456854218
-2.60253275616
-3.84382520517
-2.89553993725
2.28259831801
-2.95692669876
-2.31154084305
-0.788523159582
-0.203315023948
0.014499292518
1.95733537012
2.79170048502
4.3521698115
-0.969164903683
0.970237340531
-3.49380517838
0.77589914002
-1.52592090694
0.149275413234
3.92497200932
3.17567827218
-1.60514567738
-4.79126112416
3.28736076028
2.37746195955
-0.312075919842
0.637907251688
2.18550058374
0.692943316988
0.32826556507
0.672978999833
-2.38253283928
-3.93685756003
0.852451754728
0.901282355438
-1.62956184606
-0.477809291133
3.9589823836
-1.48410483833
-1.02498059559
0.348255781553
2.66218998036
-2.70841781137
-3.91409567571
-0.605369213271
1.83380303233
3.13570638026
-1.03047052341
1.28911538778
3.82800796907
0.605848489777
1.26071892023
-2.09974166196
-1.74638248972
-0.456740075948
4.19715759677
-0.924565934791
2.20790322462
-1.20501749559
-0.634645133787
3.54596429415
2.10733680143
0.835689841727
-3.06882242784
3.26864965432
-6.08074219872
0.809446208168
-2.46067539219
3.52153284253
-0.242241416862
2.57605178099
-1.22729988956
0.170687509798
3.0879138685
-1.03693219102
-0.385587423041
-0.779476857839
-2.80449654892
-3.73215487485
-2.71270449637
5.26104013478
-2.97659887211
-0.175793951301
2.91877329496
-4.36476198551
2.38314428561
2.85944454992
-2.82076117136
-1.95979258473
-3.29957568606
6.38048959643
-2.74783235635
-4.06809436676
0.970703647744
-6.98452370381
4.10854969872
-1.92143019608
1.12139714934
2.59474311736
-1.37673418518
1.15925114397
-2.91066379061
-5.95270144561
-3.63848334022
-3.39985619164
1.97457585348
-0.702639483714
0.0343432877067
2.53115620339
2.58308044534
5.26668516874
-1.30193037152
-2.16377708294
-3.57784358242
-0.0304396582466
10.5487273775
1.9331469831
0.780408125306
-1.53833064204
6.08360889126
1.04181176331
-0.574614738104
3.78042231101
2.60465473331
2.18696742071
-3.97089485784
-2.18705797581
1.35307985323
2.86136689352
-4.73007171162
-1.59432055801
-0.310238705186
0.353338147375
-2.98117288476
-5.07874068091
0.523735865248
1.74647933092
-1.37132022877
3.4887771939
-4.75753619412
-3.29230555995
-1.33458412148
-0.0678541869432
3.61699295377
-0.351308095308
1.73631017542
4.42968318836
-3.04998927053
-5.70505749115
0.0126270977562
0.151555091318
-2.65465650331
2.13726905569
0.216965823369
1.83543531902
2.44600257425
-3.93052578748
-3.05611070695
6.46265662084
0.211053594969
2.02090945195
2.59711178865
-0.960839795739
-4.8667795702
-0.882123832396
-3.34452875665
3.73108405879
3.89208257879
-1.61166259296
3.69025063577
-1.86769999855
-0.454156864522
3.75758955049
-2.86449449312
0.431984708228
-2.4417477193
1.20766273497
2.5679056757
1.31007731928
1.32119166441
3.92740722055
1.49472267881
3.53956445549
2.69108804179
4.0432418725
-4.45515159966
2.30036184498
0.0225194024627
1.15695725892
-2.77775590759
2.88160894866
7.72859701359
-0.288229574385
1.72237239452
2.13800455
0.229970957574
-1.35370006183
0.659503659782
-3.31559962411
0.145155331048
1.94482731161
-3.31322365557
-0.629634858254
-0.926605270405
-0.919059213996
-0.686672735742
-2.30638460927
-2.42298431291
-0.172912943473
-0.761009965987
1.9310458808
-2.33381723352
-0.68778224367
3.34060939896
-1.66307149629
0.100881596505
-0.459563945755
0.493567730111
2.05210519549
5.54886227802
-1.05664798214
0.5914946222
1.19918201502
-4.05137003468
-2.30543036696
-0.830961667915
-7.54000886986
2.3518653117
2.54420630546
8.40104234622
3.38376183086
1.15901862734
1.77160459752
1.53275126919
-1.29850469109
-0.369130387753
1.95977705019
-0.360530252993
-1.09384688987
1.13049473127
-1.8571363573
2.70742499244
-1.65755567218
-1.2465725367
2.05895649318
-0.399692492297
2.73119565693
-2.1521529314
0.462164897821
1.9152612945
-4.08371216935
-3.949437118
1.85780408942
0.954441848309
2.6872805605
-0.198685772109
0.643084919868
-0.0868001437331
0.393512870222
-1.09815877274
2.15576197426
3.25215078006
4.47788873815
2.20684677881
-0.469999994159
-1.21168273028
0.096070226574
-0.795789691407
4.28801280401
-1.78612328869
1.24458743661
2.55438715868
-0.338483538313
-2.47891691643
2.33532476299
-0.246912122201
-3.36711951554
-1.10507108913
1.8560258427
1.50125704032
-2.25664812443
-2.32146944614
0.374501313586
-0.873918160113
-1.49146358843
-3.39161282408
