3.050501623
2.791677238
2.150945767
1.393843891
0.7263229201
0.2428997232
-0.0475442494
-0.1824541377
-0.2146356677
-0.1929695399
-0.1531327649
-0.1156776408
-0.08870576624
-0.07239269703
-0.06336249014
-0.05787551126
-0.05332703886
-0.04838976754
-0.04271572307
-0.03652564067
-0.03019929155
-0.02416261013
-0.01891212203
-0.01486642895
-0.01224243
-0.01095566298
-0.01049304331
-0.01002073513
-0.008892877283
-0.007072868721
-0.004950990278
-0.002862406875
-0.0009385832174
0.000666570592
0.001682399924
0.001807607929
0.0008349166845
-0.001176244624
-0.003752182685
-0.006164609949
-0.007827167798
-0.008545396486
-0.008419272855
-0.007549755318
-0.005963954
-0.003831552672
-0.001670846116
-0.0001268270941
0.0005265021391
0.0005559664553
0.0005156765697
0.0008760700659
0.001773201344
0.003020040226
0.004379293734
0.005746308006
0.007020419627
0.007915334824
0.008017038164
0.006999668658
0.004930585507
0.002417366538
0.0002417544689
-0.001170236445
-0.001825223914
-0.002033954195
-0.002144611836
-0.002293230806
-0.002458568429
-0.002464876789
-0.001997271561
-0.0008220227187
0.0009775094803
0.003128630479
0.005360179224
0.007357281463
0.00870744592
0.009069136635
0.008406993442
0.007067033079
0.005571475623
0.004357642558
0.003613126365
0.003192063709
0.002676686739
0.001583417249
-0.0003222627246
-0.002758680969
-0.004916985595
-0.005967809678
-0.005715391666
-0.00459337802
-0.003124611254
-0.001574393889
-6.637996348e-05
0.001357412648
0.002849183567
0.004633379917
0.006719330006
0.008816241266
0.01038650968
0.01089070574
0.01001755682
0.007827688842
0.004877115171
0.001937495586
-0.0004872511893
-0.002241330091
-0.003319180434
-0.003685397859
-0.003208648508
-0.001729355279
0.0007164946885
0.003706844759
0.006558690789
0.008591146363
0.009343501706
0.008603587371
0.006476407935
0.003505445119
0.0004771112923
-0.002035325606
-0.003811323651
-0.004771990413
-0.004947310946
-0.004479774364
-0.003568594083
-0.002462508887
-0.001409882774
-0.0006003950019
-5.953226218e-05
0.000398760595
0.0009156970303
0.001378552039
0.001699411446
0.001961253065
0.002300183653
0.002905663038
0.003995315426
0.005549065414
0.007134738092
0.008052456768
0.007754696564
0.006185488839
0.003669790371
0.0006685083118
-0.002402048006
-0.005254503826
-0.00757353688
-0.008936134351
-0.009079491398
-0.008125193469
-0.006573714062
-0.005071550629
-0.004126469504
-0.003910996687
-0.00426434018
-0.004896498122
-0.005594413752
-0.006246805265
-0.006825963173
-0.007375456601
-0.0078671866
-0.008155461203
-0.008103547833
-0.007567772761
-0.006385739558
-0.00462456703
-0.002649747798
-0.0008893528743
0.0003297022165
0.0008243271845
0.0005859321318
-0.0002426401504
-0.001331086122
-0.002231302787
-0.002593615516
-0.002314925479
-0.001505181531
-0.0003852923033
0.0007465014007
0.001607892534
0.002120180381
0.0023620993
0.002323121441
0.001932583484
0.001389603792
0.001184705242
0.001751482642
0.003048208061
0.004513443173
0.00554491926
0.005859440548
0.005440796677
0.004416320877
0.003031770833
0.001647562109
0.0005644657607
-5.745721944e-05
-0.000124022613
0.0003387495631
0.001165117041
0.002172363761
0.003155582092
0.003811929883
0.003866058796
0.003330160797
0.002614152464
0.002247104665
0.002482815497
0.00311700436
0.003552499753
0.003148371702
0.001811417268
0.0001610316787
-0.001045799309
-0.001517524128
-0.00144638385
-0.001136369267
-0.0007111075574
-0.0001018244649
0.0007107501123
0.001467234158
0.001823999341
0.001638987395
0.001021353198
0.0001503959825
-0.000832563494
-0.001821204724
-0.002776318267
-0.003625585366
-0.004221442163
-0.004470174718
-0.004323690268
-0.003799106724
-0.00307306444
-0.002449832965
-0.002263591081
-0.002704502261
-0.003671347987
-0.00477500151
-0.005477765112
-0.00528610893
-0.004005013048
-0.001846821736
0.0005950256762
0.002533081953
0.003364024095
0.002957408595
0.001547706228
-0.0005924604662
-0.003170012084
-0.005774614612
-0.00789196684
-0.008925125501
-0.008474262066
-0.006608766831
-0.003864259586
-0.001011789008
0.00127736427
0.002682524489
0.003303813864
0.003496016158
0.003654011082
0.004095921013
0.00495821152
0.006100209276
0.007057379076
0.007321041908
0.0068052814
0.005763884921
0.004484145337
0.003183684044
0.001950173966
0.000730384445
-0.0004421704095
-0.001298822633
-0.001531036993
-0.001098821141
-0.0002233472612
0.0008693726501
0.002079158321
0.003272374199
0.004166129993
0.004478527367
0.00410749912
0.003136090686
0.001770144064
0.0003113633844
-0.0009946392038
-0.002138717098
-0.003097005899
-0.0036032634
-0.00344020642
-0.00266075829
-0.001496965127
-0.000302287587
0.0005404344871
0.0008855547942
0.0009461867864
0.000939889657
0.0008943113743
0.0008423017365
0.0009228535427
0.001220793647
0.001563094865
0.001709173701
0.001658712589
0.001615056756
0.00176878398
0.002202242232
0.002877938128
0.003622845849
0.004116673802
0.004060676637
0.003394441971
0.00234217624
0.001313254522
0.0006811770374
0.0005328439518
0.0006717976133
0.0009184785381
0.001255592546
0.001793473778
0.002625970933
0.003625330193
0.00445636712
0.00470660161
0.004073159384
0.002738062673
0.001335162528
0.0003756906088
-0.0001083446561
-0.0002759209785
-0.0001696416148
0.0002610181974
0.001015438393
0.001948057637
0.002749107133
0.003133242094
0.003099911374
0.00284152271
0.002468522592
0.00197143493
0.001402789341
0.0009595638672
0.0008071959149
0.0008189369259
0.0006197081051
-4.148835933e-05
-0.001107710809
-0.002393011689
-0.003719872348
-0.004868036354
-0.005587238075
-0.005727920452
-0.005247762246
-0.004163944427
-0.002497457488
-0.0002931488848
0.002215296904
0.004544590896
0.006195662912
0.006813369975
0.006217606193
0.00463551653
0.002810486245
0.001606911357
0.00151573423
0.002461176272
0.003942579067
0.005349744875
0.006202544236
0.00633191871
0.005881975044
0.005060008143
0.003958658197
0.002666581681
0.001524580078
0.001027657619
0.001333279327
0.002129968967
0.002858997328
0.002861450489
0.001652032676
-0.0006567391691
-0.003263266921
-0.005056758043
-0.005365186336
-0.004395942341
-0.002839022641
-0.001290563923
-0.0001095991569
0.0004437896229
0.0002077634141
-0.000684701987
-0.001818197714
-0.002783967545
-0.003392467301
-0.003639033002
-0.003655265448
-0.003655745078
-0.003768994953
-0.003921221558
-0.003855532983
-0.00334854119
-0.002581689002
-0.002007054655
-0.001832960891
-0.001883544615
-0.0018216436
-0.001393042613
-0.0005715833341
0.0004251828899
0.001245890635
0.001534398294
0.001080117071
-2.486688004e-05
-0.001448160885
-0.00282900103
-0.003904305658
-0.004583552581
-0.004913457983
-0.004989589527
-0.004889672925
-0.004699681482
-0.004503838663
-0.004224832407
-0.003661570038
-0.002682644842
-0.001355114508
0.0001497093175
0.001604615312
0.002645067226
0.002866617724
0.002228495119
0.001175356247
0.0002466795309
-0.0003092548875
-0.0005682094091
-0.000771167052
-0.001124241454
-0.001619684272
-0.00204517371
-0.002167595044
-0.001880747374
-0.001222171336
-0.0003819761781
0.0003284740704
0.000633297177
0.0005011966087
0.0001876035219
1.98541561e-05
0.0001446713467
0.0005787817118
0.001209305925
0.001786134843
0.002046717857
0.001798880287
0.0009781456557
-0.0002499023389
-0.001528967082
-0.002540384532
-0.003133136314
-0.003232100918
-0.002753914473
-0.001707444827
-0.0003381732915
0.0009878840875
0.001955693196
0.002395994974
0.002380272188
0.002237608696
0.002335659038
0.002739342992
0.003218382353
0.00347425543
0.003272187294
0.002458186444
0.0009714585183
-0.001084825956
-0.003426281918
-0.005670859464
-0.007364232492
-0.00803436099
-0.007457185332
-0.005885481838
-0.003889264107
-0.001996813276
-0.0005530673355
0.0002873188495
0.0004629791362
-2.960456042e-05
-0.001075586618
-0.002457007852
-0.003819491712
-0.004705098155
-0.004761128381
-0.003985106571
-0.002768659051
-0.001624890392
-0.0009171698797
-0.0008218418783
-0.001352002439
-0.002340222542
-0.003507864563
-0.004571207065
-0.005298008636
-0.005609565309
-0.0056374367
-0.00557933911
-0.005547616792
-0.005589452474
-0.005694059841
-0.005725517113
-0.005365636569
-0.004219410844
-0.002207032917
0.0001710758361
0.002077067625
0.002824010719
0.002243232419
0.000724316004
-0.001088290519
-0.002737375946
-0.004044519396
-0.004881774437
-0.005249961148
-0.005340608358
-0.005264445386
-0.004875776125
-0.00390092555
-0.002252881297
-7.157872919e-05
0.002335937927
0.004489078877
0.005840551113
0.005993688849
0.004889246473
0.002752291361
-1.8697002e-05
-0.002785051017
-0.004731130568
-0.005267274727
-0.004387575339
-0.002575318933
-0.0004470402409
0.001538271658
0.003168263693
0.004313173792
0.004722405261
0.00418598082
0.002697655816
0.0003994816353
-0.002359228771
-0.004884463022
-0.006278962964
-0.0059437689
-0.003891392634
-0.0007030684923
0.002678478911
0.005226202522
0.006240001934
0.005672362395
0.00403033326
0.001976751685
0.0001062464811
-0.001194776994
-0.001850702881
-0.001950811385
-0.001572271525
-0.0008005000416
0.0002354014013
0.001284062968
0.002024575224
0.002256926374
0.001945405878
0.001288633974
0.0007510370779
0.0007764707953
0.001528233158
0.002893152646
0.004578663047
0.006187571301
0.007255603189
0.007378682205
0.006344746253
0.004171838464
0.001130433521
-0.002188560534
-0.00498196589
-0.006582206969
-0.006676442089
-0.005396681319
-0.003275504342
-0.001148675116
0.0001159092358
4.040308465e-05
-0.001272831828
-0.00335002691
-0.005627028183
-0.00765194309
-0.009188060413
-0.01008359498
-0.01019872862
-0.009466887899
-0.007921926672
-0.005762623295
-0.003353993462
-0.001152514066
0.0005033178172
0.001467769012
0.001794639401
0.001629799235
0.0009824607775
-0.0002423058375
-0.001927532694
-0.003613079223
-0.004711468214
-0.004760956505
-0.003621577247
-0.001572844151
0.0008635504286
0.003206369901
0.005057831762
0.00591460592
0.005221891018
0.002870391873
-0.0005161536089
-0.003933411347
-0.006569279844
-0.008189550208
-0.00911895332
-0.00973130856
-0.01009181372
-0.01001426399
-0.009284365927
-0.007792594213
-0.005489043847
-0.002421751147
0.001007626778
0.004071180377
0.006148192502
0.007003360581
0.006724561743
0.005666904071
0.004341504909
0.003132078127
0.002118870296
0.00118089745
0.0001912592174
-0.0008351292719
-0.001686999207
-0.002084059445
-0.00182244275
-0.0008540774032
0.0006449699852
0.002375410567
0.004097668956
0.00562911285
0.00672062236
0.007088714558
0.006588906405
0.005450998837
0.004182992131
0.00321139307
0.002606664166
0.002044199981
0.001007113485
-0.0008280687608
-0.003188498879
-0.005220816654
-0.006060528095
-0.005386037083
-0.003497003666
-0.001002882792
0.001452078721
0.003342579599
0.004400824517
0.004601350117
0.003936212754
0.002332393724
-6.873625528e-05
-0.002727869229
-0.004964019906
-0.006219627009
-0.006066748512
-0.004202733166
-0.0007329224319
0.003555586422
0.00748558758
0.01018712848
0.01139827598
0.01130021653
0.01031585362
0.008944596727
0.007566003087
0.006308398535
0.005064726851
0.003686460727
0.002174103287
0.0007626241188
-0.0001890785826
-0.0004399591917
-1.959198511e-06
0.0008796170788
0.001957217725
0.003079644164
0.004013027061
0.004455473982
0.004233896011
0.00341126982
0.002290140535
0.001244143622
0.0005234687137
0.0001810317224
0.0001571114714
0.000431253002
0.001126469828
0.00239218512
0.004164653501
0.006086271968
0.007626382964
0.008306771016
0.007978015284
0.006882910411
0.005471085217
0.004074660791
0.002763435787
0.001541578674
0.000430038368
-0.0005397536092
-0.001334844983
-0.001999740138
-0.002704348187
-0.003633404522
-0.004745983275
-0.005690196776
-0.006020499002
-0.005536071676
-0.004492592253
-0.003427630348
-0.002836844458
-0.00292579398
-0.003448078099
-0.003765587955
-0.003358287409
-0.002276029546
-0.000967509434
0.0001713253692
0.0010216755
0.001713386539
0.002468670534
0.003352308166
0.004157080907
0.004618220747
0.004598314024
0.004050027194
0.00293511025
0.00138217993
-0.0001739964145
-0.001229778815
-0.001515063512
-0.001115743487
-0.0004311077018
6.358631555e-05
0.0001073067376
-0.0002644525197
-0.0009216742181
-0.001780198698
-0.002733310325
-0.003530908262
-0.003812554824
-0.003312125394
-0.002067178831
-0.0004415281392
0.001041834997
0.001895718787
0.001864289849
0.00103415187
-0.0003100105073
-0.001787354604
-0.002926990913
-0.003262186215
-0.002580896989
-0.001162417738
0.0003706220152
0.001601828665
0.002609987866
0.00363026216
0.004618962609
0.005179151958
0.004881459337
0.003615902346
0.001703209213
-0.0002655904884
-0.001835828247
-0.002961324749
-0.0038541143
-0.004660111095
-0.005359630002
-0.005791263477
-0.005802802083
-0.005402167834
-0.004724086594
-0.003825953978
-0.00262603066
-0.0011133196
0.0005456307663
0.00214610986
0.00353394321
0.00455463657
0.004989954726
0.004644960618
0.003500101549
0.001685999845
-0.0006209650722
-0.003160440578
-0.005597314443
-0.007703728542
-0.009385230959
-0.01045724521
-0.01069486148
-0.0101346248
-0.009126265344
-0.007929451897
-0.006461135093
-0.004596114261
-0.002495035707
-0.0005648576335
0.0009143392378
0.001937271059
0.002531772527
0.002599943182
0.002075908154
0.001116117561
3.219638595e-05
-0.0008377541908
-0.001189092005
-0.0009946601929
-0.0006005435194
-0.0004105086692
-0.0005686181552
-0.0009004377519
-0.001113762985
-0.001115843752
-0.001078414231
-0.001172043288
-0.001372872009
-0.001565758096
-0.001685119917
-0.001807045117
-0.002072580902
-0.002471105177
-0.002841811666
-0.003062294046
-0.003103670689
-0.002875508277
-0.002168532844
-0.0007925410617
0.001176983904
0.003286798453
0.004931463989
0.005620827358
0.005124289459
0.003588120822
0.001420636101
-0.0009932196755
-0.003380911605
-0.005498887177
-0.007054998458
-0.007817294087
-0.007775363777
-0.007158750086
-0.006250614854
-0.005238157646
-0.00419722922
-0.003081525135
-0.001789249484
-0.0003869042644
0.0007657287811
0.001156390157
0.0004113140103
-0.001425389384
-0.003829270985
-0.006077548263
-0.007678017835
-0.008442880182
-0.008434811427
-0.007842208163
-0.00674799029
-0.005204362242
-0.003430718097
-0.001759057481
-0.0004565309617
0.0002489843861
0.0001788619963
-0.0005753370246
-0.00158106168
-0.002297916488
-0.002370039489
-0.001772521245
-0.0007536629789
0.0003440632231
0.001171256679
0.00145328411
0.001162900049
0.0005431149023
9.964949518e-06
2.47487223e-05
0.000773627328
0.001879914553
0.002592625877
0.002357778437
0.001184274525
-0.0003655091576
-0.001473393619
-0.001456438437
-0.0001021473715
0.002234825931
0.00479444361
0.006755440507
0.007570248434
0.007094002414
0.005563311871
0.003441562723
0.001228126186
-0.0006219646958
-0.001851831093
-0.002469300531
-0.002635082633
-0.002478560281
-0.002024256592
-0.001237068622
-0.0001356216689
0.001033178327
0.001903597153
0.002259370391
0.002187934237
0.00202752434
0.002084545094
0.00235262378
0.002567814263
0.002458598726
0.001955025325
0.001207608398
0.0004357523188
-0.0001937298457
-0.0006049066914
-0.0008376880487
-0.0009921450554
-0.001110487522
-0.001155592307
-0.001082892224
-0.0008787776744
-0.0004643316219
0.0002922106264
0.001316179284
0.002273034213
0.002813894924
0.002830869115
0.002477953755
0.002057410931
0.001897085501
0.00219617734
0.002964502904
0.004019147053
0.005034530738
0.005719131514
0.00594022837
0.005754357293
0.00538355117
0.00500382534
0.004601800785
0.004033112756
0.003233648984
0.002409146873
0.0017902773
0.001260829559
0.0004786607259
-0.000712284325
-0.0021230912
-0.003423642671
-0.004368118207
-0.004923283061
-0.005262225191
-0.005554229898
-0.005852458615
-0.006146549454
-0.006393693893
-0.006521549246
-0.006392554816
-0.005833796399
-0.00474962759
-0.003255520965
-0.00161661306
-7.867753933e-05
0.001154949791
0.001929839124
0.002112348162
0.001627913421
0.0006074782046
-0.0006912873482
-0.001964109296
-0.002826007531
-0.002940571924
-0.00224475912
-0.00103847278
0.0001905723342
0.001192082392
0.002213134425
0.003627090521
0.005392395067
0.007031698829
0.008004014295
0.008030523656
0.007159403816
0.005632138598
0.003708717447
0.001582039431
-0.0006391781771
-0.002798128959
-0.004531625544
-0.005451587044
-0.00541519444
-0.004552033268
-0.003225528395
-0.001855061062
-0.0006532311624
0.0004058808417
0.001425745132
0.00248279531
0.003545629332
0.004457453253
0.004977261385
0.004798870038
0.003758151747
0.002049537484
0.0002324994287
-0.0009501232336
-0.0009768510672
4.718812529e-05
0.001390637738
0.002232825235
0.002273366964
0.001774087649
0.001083569481
0.0003069120424
-0.0005422047202
-0.001315272411
-0.001709659108
-0.00146387186
-0.0006454823307
0.0004332153499
0.001533230061
0.002532314242
0.003292040457
0.003583384833
0.003197340739
0.002144008523
0.0006811153904
-0.0008436758227
-0.00222894408
-0.003477746682
-0.004536376151
-0.005072964645
-0.00465921631
-0.003109320464
-0.0006900945026
0.001979795376
0.004326200947
0.005987225092
0.006693983592
0.006298467347
0.004939746756
0.00306250463
0.001189589828
-0.0003546406067
-0.001439874182
-0.001994268886
-0.002028510797
-0.001667644282
-0.001110581355
-0.0006777762218
-0.0007352126124
-0.001464026939
-0.002708200184
-0.004051495533
-0.005064009939
-0.005607046456
-0.005833892807
-0.00600327558
-0.006223830432
-0.0062387316
-0.005596002245
-0.004107038412
-0.002037786517
0.0001712279307
0.002273636713
0.004271308304
0.006102823006
0.007355091439
0.007520972057
0.006489555507
0.004610306524
0.002299589983
-0.0001574856235
-0.002427868843
-0.004160349894
-0.005104216293
-0.005142420721
-0.004419633094
-0.003410532889
-0.002738905113
-0.002848598527
-0.003763521661
-0.005130385969
-0.006368972202
-0.006868902185
-0.0062968669
-0.004699072623
-0.002337001536
0.0003032131447
0.002542517675
0.003877180767
0.004180058237
0.003558366797
0.002313298097
0.0008529623585
-0.0005952501461
-0.002026442553
-0.003547144625
-0.005214008613
-0.006868802105
-0.008157160841
-0.008615426564
-0.007820650695
-0.005738314799
-0.002844185015
0.000116489395
0.002402282398
0.003424805172
0.002977537059
0.001485370082
-0.0001476057192
-0.001088534485
-0.001007238225
-6.4091155e-05
0.001252146601
0.00230905892
0.002683475049
0.00229191703
0.001245585897
-0.0002757489301
-0.001993783696
-0.003473925711
-0.004177585952
-0.003757706465
-0.00242408074
-0.0008098827496
0.0004989251302
0.001219983833
0.001330188409
0.0009733310183
0.0005266309194
0.0004369351955
0.0009673268483
0.002214312519
0.004064799335
0.006086036361
0.007595983432
0.00801678794
0.00711317262
0.00497792466
0.002020832701
-0.001170666606
-0.004109840969
-0.006484086173
-0.008168938462
-0.009123448414
-0.009283583126
-0.008670310126
-0.007509186995
-0.006197581396
-0.005225029221
-0.004841551266
-0.004848807438
-0.004885115182
-0.004756390079
-0.004399082227
-0.003769293797
-0.002930049925
-0.002077591408
-0.001419489047
-0.00104040897
-0.0008663059817
-0.0007734720444
-0.0006534451504
-0.0004205671673
-0.0001470402136
-5.993729951e-05
-0.0003078053189
-0.0008830016114
-0.001639375408
-0.002272840442
-0.002483079168
-0.002149966021
-0.001333596112
-0.0002297040254
0.0008503910256
0.001550292325
0.001576940902
0.0008422762781
-0.0003768271948
-0.001531590353
-0.002157252635
-0.00210710882
-0.001590124061
-0.001026977999
-0.0007291081961
-0.0007268705071
-0.0009476853655
-0.001327249483
-0.001711789439
-0.001845867831
-0.001510738631
-0.0007098995756
0.000377662439
0.001611354176
0.002897136724
0.004029043545
0.004679356591
0.004635019393
0.003919444351
0.002810464825
0.001919526158
0.00190010884
0.002957574667
0.004629199268
0.006028791263
0.006493212875
0.005988563748
0.004922207656
0.003773787787
0.002855105778
0.002344986692
0.002399832722
0.003009936483
0.003855716938
0.004442954428
0.004467681017
0.004033257331
0.003454024364
0.00303933397
0.002998890054
0.003370785009
0.003951048844
0.004290639823
0.003934618072
0.002800910178
0.001241159864
-0.0001628946145
-0.0008160817298
-0.0003711907216
0.001048765955
0.002927289813
0.004709146848
0.0060755417
0.006936493685
0.007224876513
0.00681411047
0.005718815551
0.004205896241
0.002579094561
0.001003139014
-0.0004845304677
-0.001808283367
-0.00277599087
-0.003211882884
-0.003091147958
-0.002536629164
-0.001720121191
-0.00075122891
0.0004507440068
0.002044667779
0.003909322883
0.005534969406
0.006258110531
0.005621660876
0.003683790706
0.001032431543
-0.001386302433
-0.002674430135
-0.002404677872
-0.0007552914958
0.00156590231
0.003587826685
0.004531460706
0.004239579642
0.003168502803
0.001979364251
0.001102506564
0.0004959295501
-0.0001385817389
-0.0009153879484
-0.001644500963
-0.001940324585
-0.001397841712
6.329159699e-05
0.00195819734
0.003449008806
0.003919907197
0.003394086973
0.002449775402
0.001816229151
0.001961582806
0.0028838267
0.004162702886
0.005213522593
0.00549687724
0.004791381719
0.003424242192
0.002091021996
0.001415981598
0.001603086787
0.002368966447
0.003180538013
0.003625130257
0.003639513496
0.003401890247
0.003102908617
0.002942921268
0.003085795732
0.003481228602
0.003925364383
0.004253018307
0.004404143505
0.004355670317
0.004011450993
0.003206258401
0.001829812581
1.303657429e-05
-0.001845738037
-0.003260071904
-0.004000664031
-0.004178644019
-0.003958178041
-0.00345316578
-0.002896215463
-0.002464510358
-0.00202485596
-0.001370679089
-0.0004294903126
0.000713220165
0.001835294372
0.002671483229
0.003005234587
0.002728117675
0.002024289072
0.001375444454
0.00119426719
0.001551091801
0.002298916165
0.003243098477
0.004131646554
0.004635655675
0.004455020332
0.003536861804
0.002034605461
0.0002029496481
-0.001454908424
-0.002295770034
-0.002092091799
-0.001263450069
-0.0004087025739
0.0001548722581
0.0004113139494
0.0005236510727
0.0006259387149
0.0006410392682
0.0003922336843
-0.0001394671129
-0.0007731744623
-0.001236539611
-0.001200535857
-0.0003827284274
0.001171521623
0.002977756947
0.00440736345
0.005092639047
0.005048262161
0.004595484722
0.00433880865
0.004856316717
0.006149240353
0.007561131227
0.008221020422
0.00756519846
0.005672972715
0.003198627306
0.0008284225091
-0.001163700353
-0.002812972814
-0.004129738872
-0.005026606725
-0.005453406959
-0.005479012056
-0.005161745289
-0.004449617617
-0.00327030441
-0.001713982948
-8.16817176e-05
0.001151200536
0.00159222149
0.001281254213
0.0006674377956
0.0001319139495
-0.000316352941
-0.0008952626205
-0.001759902497
-0.002799465605
-0.003601308047
-0.003709655208
-0.002982222306
-0.001675262954
-0.0002102260899
0.001046130049
0.00185357597
0.002099686426
0.001843810687
0.001287244093
0.0005560764585
-0.0003500208091
-0.001413597966
-0.002529424663
-0.00352897922
-0.00425656449
-0.004552699831
-0.004333765755
-0.003756640174
-0.003231931725
-0.003144169884
-0.003600254076
-0.004489569654
-0.005633089349
-0.006795438864
-0.007656011397
-0.007773451693
-0.006794968032
-0.004723821743
-0.001956764591
0.0008359413391
0.002963783556
0.00407877947
0.004420487837
0.004620582379
0.005240968473
0.006392539311
0.00763379107
0.008350838669
0.008154463867
0.007048615
0.005443829741
0.003837693721
0.002462312067
0.001329038549
0.0004886486748
3.590693784e-05
-6.645160565e-05
4.262769944e-05
0.0002392812223
0.0003891924328
0.0004503599539
0.0005383603627
0.0008307696549
0.001367782392
0.00194678375
0.002434832684
0.002933090438
0.003467140939
0.003831666932
0.003839858571
0.003540458668
0.00316569932
0.003003019494
0.003231132352
0.003819717218
0.004527080026
0.0050339999
0.005123790191
0.004764493456
0.003946491932
0.002525860117
0.0005480989784
-0.001464237796
-0.002791531016
-0.003007955779
-0.002225494295
-0.0008836146995
0.0005451587187
0.00165495368
0.002089085739
0.001650242413
0.0006056901635
-0.0003246748329
-0.0005919394388
-0.0002784510409
0.0002189715475
0.0007131638993
0.00126543269
0.001875352124
0.00240008612
0.002649826219
0.002554621778
0.002244628994
0.001901644257
0.001583674191
0.001248078454
0.0008531936682
0.0003557212639
-0.0003764021199
-0.001448464939
-0.002722614022
-0.003905486824
-0.004714048989
-0.004936123196
-0.004451346058
-0.003290248805
-0.001803683306
-0.0006677634849
-0.0004815410055
-0.001213784941
-0.002246453945
-0.002991115419
-0.003194602401
-0.002772165292
-0.001648955783
4.728046933e-05
0.001873776491
0.003421137255
0.004511290543
0.005100340163
0.005239363133
0.005021385809
0.004413251317
0.003400190373
0.002229954707
0.00122756846
0.000595239324
0.0004231895941
0.000690214896
0.001269400462
0.001933560867
0.002332955514
0.002072199498
0.001022812955
-0.0004037641874
-0.001495476244
-0.001799054052
-0.001375958259
-0.0005452863619
0.0004342783823
0.001375841288
0.00205590356
0.002312944773
0.002167938845
0.001826732416
0.001654498031
0.002064562204
0.00324538421
0.004975425019
0.00678680631
0.008159744323
0.008646851865
0.008087617119
0.006665034529
0.004691022661
0.002492990506
0.0004646433449
-0.0009836775744
-0.001584220955
-0.001379092203
-0.0007894971904
-0.0003405530319
-0.0002407069119
-0.0003187502858
-0.0003348792937
-0.0002560800085
-0.0002483967
-0.0003686588695
-0.0003601592152
0.0001640983113
0.001406883984
0.003309420954
0.005600607209
0.007830081492
0.009528789875
0.01036234595
0.0101454041
0.008932362026
0.007170159087
0.005489625689
0.004201086061
0.003092575471
0.001632539207
-0.0005749575936
-0.003352417373
-0.00600303997
-0.0078214438
-0.008466811713
-0.007936154572
-0.006506674044
-0.004659475699
-0.002891761382
-0.001502191392
-0.0005455452421
7.625467706e-05
0.0005453480776
0.0009530762542
0.001170424224
0.001101885681
0.0008959304195
0.0007257606999
0.0005585178705
0.0002649003412
-0.0001547093239
-0.0005075319536
-0.000619740046
-0.0006295519988
-0.0008376909523
-0.001274757388
-0.001601749377
-0.001431433888
-0.0006874939994
0.0003657051609
0.001405922208
0.002252519321
0.002776064065
0.002824938325
0.002430126252
0.001885014521
0.001584649131
0.001705811703
0.002038361294
0.002285323483
0.00239903289
0.002513921814
0.002728328157
0.003130211145
0.003722511841
0.00427078004
0.004351882494
0.00348524051
0.001412503519
-0.001527699462
-0.004439359893
-0.006307598351
-0.006532907789
-0.005365712908
-0.00369688162
-0.002355473896
-0.001663763507
-0.001496421152
-0.001528320078
-0.001382597882
-0.0006681666483
0.0007939990825
0.002839436563
0.005137621341
0.007362500333
0.009136211635
0.009946342636
0.009381475836
0.007501230183
0.004875470545
0.002244273656
0.0001804239855
-0.0009988750262
-0.001363705951
-0.001399451649
-0.001617004821
-0.002180858482
-0.00292414806
-0.003391563671
-0.003040927691
-0.001695053322
0.0002320034072
0.002002090116
0.002952491223
0.002795974293
0.001733840068
0.0002726355668
-0.001064859074
-0.00203828875
-0.002771009053
-0.003463910618
-0.004144574812
-0.004633921424
-0.004753840367
-0.004541195723
-0.004242780708
-0.004127220185
-0.004305792602
-0.004644397867
-0.004696118104
-0.003849240947
-0.001815564497
0.001003070333
0.003752485173
0.005643382592
0.006198320423
0.005350623745
0.003487527683
0.001307808825
-0.0004217161205
-0.001170895922
-0.0008907169902
5.784339642e-05
0.001150324914
0.001813738743
0.001580031232
0.0002996605002
-0.001827170953
-0.004251861076
-0.006166928019
-0.006899696956
-0.00628964436
-0.004811212358
-0.003353129546
-0.002615490785
-0.002675675298
-0.002999267602
-0.002875718218
-0.00201055445
-0.0006605494445
0.0007162723348
0.001769307012
0.002358678781
0.002540709509
0.002451121903
0.002135552424
0.001604709962
0.000965240953
0.0003152105379
-0.0002909897011
-0.0007347154811
-0.0009070339423
-0.0009643735219
-0.00124103304
-0.001903087915
-0.002804803114
-0.003658626318
-0.004198642497
-0.004214366484
-0.003641926377
-0.002614479795
-0.001333081429
9.05815107e-05
0.001589230535
0.002938049847
0.003837481525
0.004241284174
0.004397859529
0.004512377627
0.004604909306
0.004653306685
0.004591969999
0.004293118701
0.003707243079
0.002944111352
0.002208200125
0.001608901779
0.001028637536
0.00025850473
-0.0006994025203
-0.00157937299
-0.002111247694
-0.002203395983
-0.001916404996
-0.001363879562
-0.000732960173
-0.0002899099166
-0.0001590527019
-0.0001519973853
6.976279158e-05
0.0006455637069
0.001390726156
0.001968451128
0.002194382313
0.002229143235
0.002325217255
0.002509831936
0.002626492871
0.00262581344
0.002774426105
0.003408601484
0.004364172198
0.004900330408
0.004428927196
0.003059536088
0.001303161359
-0.0005413755637
-0.002461444678
-0.004355619904
-0.005886889236
-0.006650500375
-0.006393228819
-0.005139164415
-0.003081731753
-0.0005017633651
0.002199483412
0.004609232045
0.006427342803
0.007528215328
0.007876417337
0.007459791627
0.006203499522
0.004024871117
0.001101888878
-0.002010204348
-0.004676352801
-0.006491420623
-0.007286273535
-0.007068442912
-0.006070755575
-0.004712007582
-0.003438165527
-0.002637230335
-0.002582180249
-0.003270962927
-0.004414009158
-0.005590091931
-0.006371040017
-0.006418560847
-0.005686788956
-0.004480175275
-0.003201595983
-0.002073139154
-0.001058330724
-9.422712361e-05
0.0007586937145
0.001502955518
0.002391851677
0.003738165299
0.005520087444
0.007301690554
0.008590449929
0.009062625537
0.008561022019
0.007277141347
0.005781652592
0.004624236135
0.004032420921
0.003882107971
0.003784619676
0.00333540081
0.002397399458
0.001150686477
-6.268773296e-05
-0.000857589894
-0.000810828939
0.0003304183043
0.00230554708
0.004345118358
0.005621039348
0.005826245589
0.005337792249
0.004852318132
0.004835730072
0.005179687148
0.005418184552
0.005136684675
0.004237501073
0.00294833431
0.001534337939
0.0001445860186
-0.001066107454
-0.001865510553
-0.002069405426
-0.001664540328
-0.0008022969895
0.0003366878703
0.001608069913
0.002785776128
0.003589652979
0.003892898258
0.00372293001
0.003188390122
0.002545126931
0.002026814975
0.001597397574
0.0009958677093
-2.670470992e-05
-0.001459476403
-0.00293235925
-0.003895482035
-0.003934594868
-0.002886664807
-0.0009062367298
0.001444713913
0.003313504304
0.003998517987
0.003309956307
0.001582904432
-0.000541580438
-0.002283520708
-0.002919537297
-0.002181203332
-0.0004541095255
0.001480762149
0.002916929277
0.003543258118
0.003442416082
0.002829045951
0.001850457533
0.0005932507821
-0.0007236605999
-0.001669218308
-0.001791513467
-0.0008478269762
0.001009818132
0.003171434463
0.004861415266
0.005687970121
0.005836690009
0.005703494719
0.005482725662
0.005189021451
0.004852272549
0.004497816561
0.004059448523
0.003426254836
0.002592571369
0.001659699317
0.0007933499465
0.0002700484575
0.0003724155073
0.001148634084
0.002288160082
0.003236055866
0.003526015027
0.003103677913
0.002335898324
0.001734111769
0.001616451086
0.001982666241
0.002687704263
0.003544922513
0.004349451927
0.004905057316
0.004990061559
0.004402614718
0.003168135303
0.00155866059
-2.939115822e-05
-0.001250486532
-0.001973911572
-0.00230944397
-0.002402567425
-0.002184657182
-0.001374258565
8.019231279e-05
0.001738790531
0.003066331327
0.00388193076
0.004286815378
0.004455356505
0.004549211563
0.004607820021
0.004527255643
0.004198042661
0.003588105322
0.002749841489
0.001894666599
0.001364784172
0.001448487409
0.002063702495
0.002678788237
0.002634329535
0.001573957119
-0.0003435486532
-0.002511262579
-0.004113075559
-0.004468830658
-0.003418499468
-0.001429747997
0.0006783025471
0.002196589508
0.002780573991
0.002418947477
0.001354401315
-7.262624477e-05
-0.001579173164
-0.002886250497
-0.003635046316
-0.003573182288
-0.002844246951
-0.001845930824
-0.0008447117733
0.0002124363807
