-0.548763966055
-0.747558086865
2.02438575684
-2.04084474239
1.51041126299
0.648790863915
1.68205953703
2.12776005524
0.486661319995
-0.0842089578591
2.04626414016
-1.51894419912
-1.11036480194
1.78422042053
-1.34069449164
0.678717845384
2.06318833954
-0.60033115934
-1.14231692306
0.752979798797
-0.972304077797
1.24431770119
0.206140140724
-1.53575282747
1.33230856237
-1.77244768693
0.786315218038
1.04224160277
-0.33942395256
-0.102157585129
1.28189081743
0.777208476417
-0.29073040108
-1.67131426187
-0.78121267363
-0.628715192764
-1.5114922187
-0.494704619846
1.72176680698
0.00303794745706
1.26340904564
0.402837390128
-1.47203029725
0.0362546451481
-0.229781450728
-0.884536044879
-1.82523533328
-0.932482872659
0.863270308693
0.866908580061
-1.97510085671
0.441319567525
-0.910089392205
1.52575021997
-1.80638637982
0.0600902366319
-0.179837932384
1.85488426185
-2.00811277767
1.06083641518
1.79265341919
-0.833066782015
0.0248777077756
-2.10281546577
1.19905592835
0.218327547462
1.36378272076
-1.08954084282
-0.319842978732
-0.863451485858
-1.04950452378
-0.474190320196
1.08998545569
0.248834870123
0.836818876355
-1.17238027292
-1.05100854329
-1.87427005856
0.78193348198
1.2724838224
-0.394550601065
-0.425836523303
-0.113083230642
-1.71578842206
1.5179275811
-1.6272768519
-1.79128276007
1.40101727135
0.401712106107
-0.406968790253
1.58990494149
-1.05402793448
0.52419438306
-1.01515668413
-0.426851726017
1.74018114461
1.02998236877
-2.12263567436
-2.12761459249
0.00764082501978
0.189520487144
-0.751887640276
0.921142893038
-2.00998829724
1.87322879249
0.137567070553
0.510147913495
2.09156714287
2.0950019286
-0.584733290324
1.73277542373
-1.68336491397
-1.97770836662
0.60073799839
0.436541726458
-0.101560733157
1.54661014165
1.71949430668
-1.73525272746
-0.689525337313
1.121466746
-1.51431415749
-1.32222165686
-0.290632305062
0.458258443303
-1.63244982484
-1.06046430227
1.50265265065
0.151833384599
-1.30450982964
0.905141258056
1.74994370694
2.07940820461
-1.76998097614
-1.55720324817
0.00766967866221
0.0672898707048
-0.219165423485
1.83103488774
0.474307443724
2.02194133859
1.29132313373
-2.02877650041
1.82311955254
1.00896247201
1.08574985876
0.232612974177
0.565746698239
-1.27684713222
-0.818672224322
-0.399824127454
-0.234305185027
1.12523708326
-1.7593523568
0.889991832773
1.40089898865
0.857170402066
0.59546463944
-0.839997581515
-0.991409889763
-1.8614491572
0.682696394449
2.0907796345
2.01482902655
1.44864487252
-1.54244768587
-0.248557687979
-1.42000294122
-0.0473587325909
-1.6465241548
-0.723448751556
1.55756445461
0.540370444537
-0.59477491598
2.1377926976
1.16228267664
2.15134407024
-0.863248504154
0.480575045427
1.3820149043
1.1938103671
-1.85729026297
-1.63762791283
-0.638766351099
-0.82895663727
0.165177926167
-0.743737213176
0.432405681284
-1.54505368227
-0.239754529988
1.70157243595
-1.04992568527
-0.469243031251
0.736917401223
1.03721858006
0.137172425855
1.11450498882
1.40947339791
-0.640552494751
-1.26954081736
0.403392727164
0.40051637611
0.074832054015
0.00379718438671
0.262515620518
-0.848662531884
-0.0761649669735
-0.257911230291
0.195120052518
-0.0218779981306
-1.41886454948
-0.771967785982
-1.91777505861
-1.00765206784
-0.950448358114
2.39674663745
-0.360757333271
-1.08375023259
1.00825486477
-0.627335184711
-0.272856117497
-0.362830469962
1.47581149204
0.591953115736
-0.734337483485
-0.340831021922
-2.33992067908
-0.0560273731294
1.27160341447
0.51142609968
-0.475484694816
1.3861662811
1.98230518227
-0.201428907658
-1.07215636301
-0.573195954486
1.31034559711
0.456232155349
0.189615399308
0.756707491995
0.973159977949
-0.244863393029
0.558968402775
-0.407877020642
1.24992935897
0.312076285495
-1.10381207673
-0.507611705389
-0.960584088127
-1.10681663193
-0.436867755715
1.37755791102
0.354254724127
-0.173706214855
-0.528899092562
-0.315964514941
0.499286634045
0.904707641795
0.639600808434
-0.0992344855615
-1.11311035729
-0.0710043931535
1.15647776183
0.442702005402
0.108185629586
-0.220311536715
-0.283598788839
-0.52726195932
-1.30134643641
0.815920786281
0.149545361572
2.21841681969
1.15426266543
-2.54742640667
-0.59433568377
0.155598586968
-0.543918475007
-1.58258923938
0.563833178441
-1.62388433815
-0.441563684013
0.294155990193
1.12672006974
0.982333596155
0.369321345392
1.13380608437
-0.59947358541
-0.115688521596
0.448299206193
0.617634959467
0.811503366354
1.86683964047
-0.177843914775
-0.470059062857
-1.01742027688
-1.29358289415
0.672240278912
-0.00744459868516
0.936392516622
-0.0978549978351
-1.57248601151
-0.115562519263
1.61304929573
-0.686714125307
-0.0536024066284
-0.526461819234
-0.320067644835
0.869200384648
-0.151380366438
-0.274865829624
-0.350109175238
-0.126131721123
0.228992650314
-0.625595058649
-0.296548936931
-0.93555851824
0.723305997337
1.45678958674
-1.34988277353
-0.845202305098
-0.02408956569
0.10445466023
-0.377783487045
-0.204523359225
0.309577455148
1.33443930283
2.42383713482
-0.389667206419
0.636521771029
-0.799016971101
1.52117890436
-1.68128084863
0.79323115333
-1.14471163497
-1.11418600771
-0.77662672798
-0.784116838464
-0.508594665658
1.68036916374
-1.26198758951
0.777921108268
-0.814927015701
-0.257656832905
-1.14982737607
1.71790613662
-0.94026144462
-0.63465113606
-0.416039208435
1.92824788919
1.58552898913
0.54939953539
-0.190180283126
-0.584163131955
0.0105466201424
-0.853503212435
0.717248191829
1.30479190747
-0.854787703368
0.945233144818
0.519017277311
-0.176654165691
2.08528833095
0.0577108030771
-0.575025187416
1.12774669601
-0.677111999297
-1.0556440922
1.420254019
-0.48261894764
-0.281036615161
-1.13263670701
-1.410453344
0.337928530688
-0.0893803502255
0.422707605717
1.37139558036
-1.91698079716
-1.0334965923
-0.830804492221
0.845739953237
-1.85952925907
-1.44053699927
1.33577393892
0.860495992123
