3.005217019
2.752181477
2.125226723
1.383927856
0.7296148939
0.2540676453
-0.03463166577
-0.1729030106
-0.211298329
-0.1962285311
-0.1614635994
-0.1266547336
-0.1002390177
-0.08363155952
-0.07469649922
-0.07015700191
-0.06705273588
-0.06325753426
-0.05749383749
-0.04941926316
-0.03973625414
-0.02970814017
-0.02055694821
-0.01319695115
-0.008000750308
-0.004855228761
-0.003476136254
-0.0034350812
-0.004206879528
-0.005462427329
-0.00710841019
-0.0087455405
-0.009606154503
-0.009172284813
-0.007585191874
-0.005445703571
-0.003259821559
-0.001133255596
0.001192792263
0.003942266353
0.006844093549
0.009199538586
0.01038372594
0.01028013176
0.009318268472
0.008009690729
0.00653009203
0.004674326943
0.002161259384
-0.0009584854308
-0.00436321927
-0.007747664633
-0.01086311856
-0.01349507311
-0.01547949395
-0.01656906806
-0.01635681631
-0.01453991263
-0.01137401569
-0.007728815926
-0.004647943857
-0.002920251215
-0.002690016235
-0.003289744267
-0.003786757037
-0.003730477188
-0.003112840974
-0.001974577135
-0.000407151992
0.001343558316
0.002999316193
0.00434178417
0.005126899734
0.005095250982
0.004180883208
0.002704889505
0.001299382623
0.0006733252214
0.001261366269
0.002896875951
0.004956727241
0.006811567673
0.008135473878
0.008764199421
0.008569052893
0.007571739395
0.005944412477
0.003865452784
0.00137100353
-0.001539591943
-0.004712011019
-0.007770511299
-0.01008690666
-0.01096034297
-0.01009558811
-0.00780431005
-0.004566888705
-0.0007306106507
0.003341100871
0.007034165673
0.009523495152
0.0101659387
0.008997209657
0.006785671728
0.004501810533
0.002771748074
0.001778063138
0.001440779676
0.001621245246
0.002117259373
0.002534497167
0.002503369506
0.001898845309
0.0008506317479
-0.0002954898513
-0.001224776613
-0.001917551865
-0.002584258936
-0.003240386673
-0.003537900781
-0.003133778349
-0.001921841921
-7.388125778e-05
0.001857976549
0.003207157463
0.003646914621
0.003347074397
0.002727493335
0.001957984022
0.0008798450349
-0.0005544746505
-0.001911485324
-0.002518469461
-0.002240003706
-0.001728176936
-0.001777961274
-0.0025889345
-0.00366956284
-0.004338506669
-0.004189229751
-0.003179110648
-0.001559493542
0.0002927791312
0.002168618407
0.003931185835
0.005179369663
0.005432712988
0.004585356728
0.003000065389
0.001224227483
-0.0002143621854
-0.0008275262075
-0.0002520654847
0.001355508595
0.003063487442
0.003623968441
0.002297984771
-0.0005841376961
-0.003731990165
-0.005754919363
-0.00593455949
-0.00425513922
-0.001091738555
0.002987712003
0.007296279745
0.01102050288
0.01329569582
0.01356807402
0.01189911105
0.008951301083
0.005634267392
0.002693382385
0.0006544383388
-0.0001804725323
0.0001084280986
0.001098845182
0.00221440878
0.003060348557
0.003593207965
0.003849024939
0.003668376947
0.002716283623
0.0007841419174
-0.001928792729
-0.004850378306
-0.007250520936
-0.008665145616
-0.009306923345
-0.009964014473
-0.01128897961
-0.01307565793
-0.01416072741
-0.01316834967
-0.009536963564
-0.003894939308
0.002250642705
0.007280594752
0.01015972515
0.01069962135
0.009290200479
0.006524628764
0.003158462192
0.0001092103827
-0.00176265964
-0.00198122775
-0.0006445848957
0.001734448144
0.004602822941
0.007420313228
0.009566363468
0.01056599686
0.01030046883
0.008906914019
0.006639519953
0.003773012849
0.0005039449216
-0.002783729159
-0.005187121455
-0.005788943869
-0.00444276718
-0.001969285427
0.0002795362994
0.001276282506
0.0008242868176
-0.0006987860371
-0.00275925892
-0.004785422575
-0.006331301045
-0.007228790196
-0.007474961179
-0.007184197792
-0.006586134789
-0.005815626003
-0.004742105727
-0.003006316728
-0.0002969209864
0.003194870411
0.006533783634
0.008519030615
0.008510261451
0.006773989353
0.004097987432
0.001141351885
-0.001758209504
-0.004221594421
-0.005696321687
-0.005785477414
-0.004656560218
-0.003107921211
-0.002075276052
-0.001960722239
-0.002481868593
-0.003079829601
-0.003390626769
-0.003280653394
-0.002698371393
-0.00178519963
-0.001022067826
-0.0008949939934
-0.001327522998
-0.0018505521
-0.002271159969
-0.00276406911
-0.003407987908
-0.003946315736
-0.004051151135
-0.003643984898
-0.002839772832
-0.001707674649
-0.0002709557502
0.001434972907
0.003323011653
0.005060432128
0.006221641652
0.006687406127
0.00660865521
0.006165352144
0.005546007167
0.004854359928
0.004013478615
0.002898638758
0.001502689525
-3.711045665e-05
-0.00159894887
-0.003092904694
-0.004369163494
-0.00526005454
-0.005634878105
-0.00532271124
-0.004120133386
-0.002029254467
0.0006593360311
0.00365133275
0.006632797336
0.00888284673
0.00946396626
0.007782853331
0.0041005713
-0.0003802665334
-0.00420122863
-0.006380209836
-0.006576104032
-0.004877388034
-0.001739898806
0.002001617322
0.005466175986
0.007962224832
0.008987075476
0.008277946105
0.005910714018
0.002528727816
-0.0007530545678
-0.002932762508
-0.003579092639
-0.002918046004
-0.001610443692
-0.0003390432161
0.0004770239121
0.0006549310147
9.834101961e-05
-0.001099619435
-0.002356048718
-0.002867047866
-0.00225199609
-0.0007916072718
0.0009961879416
0.002923076268
0.00506073101
0.007353582301
0.009504673155
0.0109839607
0.01126000052
0.01010412241
0.007858033063
0.005346703336
0.003425604682
0.002639150683
0.002936209669
0.003667753627
0.004069787306
0.003743523791
0.002644690973
0.0008494275272
-0.001588444431
-0.004558612427
-0.007590732428
-0.009879710814
-0.01081325313
-0.01042368231
-0.00935384492
-0.008386302304
-0.007977375532
-0.008173213262
-0.008583395166
-0.008394882005
-0.006851542404
-0.004063673942
-0.001024284252
0.001323443645
0.00268605112
0.003241507853
0.003296139413
0.003034413821
0.002449661523
0.001480729481
0.0001281793154
-0.001505598501
-0.003260129644
-0.004897906294
-0.006089957229
-0.00652846404
-0.005991517721
-0.00451610515
-0.002543425877
-0.0005548603025
0.001301002148
0.002984482711
0.004194351907
0.004474359187
0.003650093598
0.001978790161
-8.27161317e-05
-0.002026140919
-0.003312932919
-0.003537301997
-0.00271715195
-0.001322092543
0.0001211482293
0.001394650723
0.00258977742
0.003850607419
0.005039259112
0.005737326287
0.005681910414
0.005020091174
0.004157819934
0.003430746826
0.002996657229
0.002919204241
0.003182905755
0.003680684127
0.004329179307
0.005186336109
0.006368264496
0.007800648069
0.00904291414
0.009481593956
0.008736164121
0.006885268197
0.004297187001
0.001328743748
-0.001706529916
-0.004392465221
-0.006222553494
-0.006918990926
-0.006588225553
-0.005591271972
-0.004364622165
-0.003264125712
-0.002519758361
-0.002218011976
-0.00226798537
-0.002472896939
-0.002663756954
-0.002839814762
-0.003178801965
-0.003704773121
-0.004014896854
-0.003638704884
-0.002609091662
-0.001359964563
-0.000347893093
0.000127356814
4.021533314e-05
-0.0003953221883
-0.0009293221304
-0.001514615827
-0.002358307617
-0.003568350739
-0.004699999387
-0.005039042482
-0.004309594611
-0.002911583942
-0.001515469195
-0.0004276425953
0.0006127737429
0.00209087222
0.004298341913
0.007141796846
0.01013483095
0.01261146907
0.01414547271
0.01473820394
0.01461801104
0.01385092396
0.01219805876
0.009539412726
0.006232327476
0.002861117486
-3.772680051e-05
-0.002152531142
-0.003596626643
-0.004747337251
-0.005922504664
-0.007095949438
-0.007780966686
-0.007420340887
-0.00589868304
-0.003585120283
-0.0009456097497
0.001671860221
0.003819203081
0.004984874959
0.004953897513
0.003897637572
0.002247699377
0.0005293914673
-0.0009223426464
-0.002048437837
-0.002945064055
-0.003669836444
-0.004248713677
-0.004825131711
-0.005549120498
-0.006151604876
-0.005899092238
-0.004179218455
-0.001072193433
0.002565853178
0.005525344653
0.0068959728
0.006508174377
0.004848846474
0.00262450023
0.0005397515576
-0.0008359835384
-0.00123530198
-0.000719108307
0.0004028705559
0.001649889122
0.00263578066
0.003310679599
0.003751643462
0.004001887273
0.004268081844
0.004830826409
0.005719589431
0.006662797174
0.007343385207
0.007618779548
0.007471268784
0.006926625518
0.006018835396
0.00480015559
0.003481127301
0.002430635309
0.001846714006
0.001565625863
0.001311791598
0.0009847070813
0.000719965453
0.000788538683
0.001337784345
0.002250253168
0.003153317729
0.003674312017
0.003730559965
0.003475846296
0.003012604161
0.002327851927
0.001404076903
0.0002731543732
-0.0009981136507
-0.002240585606
-0.003073073251
-0.00301723195
-0.001901098469
-4.585158975e-05
0.001945531055
0.00361055683
0.004842808605
0.005692487721
0.006183151276
0.006355021221
0.006315692157
0.006210700103
0.006182789612
0.006245336471
0.006212180774
0.00591616951
0.005372165064
0.004719595813
0.004105043037
0.003433238894
0.002482626175
0.001331093862
0.0004884081729
0.000455505455
0.001234573316
0.002349431248
0.003256901577
0.003577444618
0.003127991811
0.002139370737
0.001203221288
0.00071802077
0.0004830611463
-5.248445219e-05
-0.001219723658
-0.002740976027
-0.004032910284
-0.004775078832
-0.005113302833
-0.00542375343
-0.00587694949
-0.006242621225
-0.006093153509
-0.00523490619
-0.003968067543
-0.002800470504
-0.002153696411
-0.002258921967
-0.002896664882
-0.003376033783
-0.003000603017
-0.001633732739
0.0001523503091
0.001460226345
0.001681330643
0.0008013274933
-0.0006530040458
-0.001993491323
-0.002779664231
-0.002946473304
-0.002737247975
-0.002393679745
-0.001891215888
-0.001018252572
0.0002993319709
0.001878720075
0.003381269563
0.004325311474
0.004198142551
0.002816934566
0.0005658660068
-0.001774471771
-0.003458896029
-0.004169459
-0.003994859389
-0.003229812296
-0.002270594723
-0.001561925295
-0.001480174379
-0.00204977086
-0.002888850221
-0.003559178189
-0.003801620156
-0.003579401019
-0.002954230995
-0.001898007736
-0.0004685837297
0.0007638291427
0.001006507731
6.403685994e-05
-0.00140709177
-0.00246266228
-0.00251087729
-0.001542811608
3.104880376e-05
0.001822529381
0.003522698427
0.004724213497
0.005042984691
0.004325894782
0.00271591103
0.0007743519102
-0.0007152806689
-0.001283082983
-0.0009002896879
0.0001462231407
0.001392085369
0.002375379565
0.002816499855
0.002712808254
0.002241907456
0.001682171591
0.001356925767
0.001570249532
0.002410198703
0.003520159231
0.004137296541
0.003577724224
0.001765184584
-0.000737257888
-0.003103406534
-0.004664919436
-0.005083032026
-0.004324920378
-0.002697934179
-0.0006967943074
0.001332415473
0.003172781061
0.00457882412
0.005333314677
0.005401042512
0.004941343202
0.004131395
0.003156774618
0.002280080248
0.001648532226
0.001192923223
0.0009083405388
0.0009636396103
0.001449866911
0.002249832611
0.003298081276
0.004614358619
0.006016644987
0.007009514707
0.007160788414
0.006444651984
0.005105547594
0.003322821012
0.001061829562
-0.001827763645
-0.005470383397
-0.00960896087
-0.01345179052
-0.01610704627
-0.01696796674
-0.015912431
-0.01332877934
-0.009801905311
-0.005848078237
-0.002070530135
0.0008987929864
0.002758627987
0.003598888416
0.003599647919
0.00288676118
0.001718233428
0.0006076615053
5.187108097e-05
0.0002996209244
0.0013032039
0.002705756657
0.003891356109
0.004287182585
0.003774984858
0.002646013341
0.001228652475
-0.0003481081431
-0.002228073551
-0.004557984742
-0.007195669154
-0.009657242327
-0.01124179944
-0.01139127082
-0.009958923907
-0.007245170967
-0.003862268918
-0.000571931915
0.001944856567
0.003370966779
0.003789656538
0.003523130039
0.002908677466
0.002218948872
0.001743595718
0.001752217845
0.00237026651
0.003505679518
0.004843496463
0.005819451292
0.005759362076
0.004372499071
0.002063508767
-0.0003429950013
-0.002029101428
-0.002588730458
-0.002245221837
-0.001623333465
-0.001187063948
-0.0008995392108
-0.0004602710117
0.0002758859804
0.001296816944
0.002491504475
0.003494378742
0.003641901026
0.002356508496
-0.0002388762645
-0.003139478364
-0.005122550677
-0.005599007962
-0.004778688659
-0.003226168189
-0.001476871079
2.197898832e-05
0.0009353588221
0.001272639609
0.001562608829
0.002424392349
0.003985154188
0.005819979653
0.007283531353
0.007991215875
0.008074278358
0.007830569398
0.007224858881
0.005976116115
0.004116698482
0.001997280427
-0.0001465718992
-0.002130901675
-0.003691248347
-0.004676163684
-0.005155892929
-0.005335850194
-0.005468767453
-0.005793113213
-0.006358601215
-0.006972631986
-0.007355517488
-0.007319944608
-0.006771439249
-0.005562524408
-0.00362456937
-0.001259407378
0.0008623863251
0.002175070086
0.002503966816
0.002044793644
0.001299451041
0.0009008205483
0.001160366755
0.001711273342
0.001787953684
0.0008323100093
-0.001063707336
-0.003212918076
-0.004824325762
-0.005434601846
-0.005033432226
-0.003941066712
-0.002688018536
-0.001920320296
-0.002118752614
-0.00324475896
-0.004717873528
-0.005719609811
-0.005570306316
-0.004175644275
-0.002123108217
-0.0001378431611
0.00140705954
0.002404535493
0.002781440261
0.002506027747
0.001726722507
0.0008872316695
0.0004943388645
0.0007333290952
0.001420989122
0.002319247929
0.003391988071
0.004658434761
0.005927339071
0.007000467273
0.008034213861
0.009419519158
0.01125531478
0.01312660737
0.01442190865
0.01458828646
0.01336536342
0.01076142224
0.006814926216
0.001753866131
-0.003607404487
-0.00810573871
-0.0109491938
-0.01207366168
-0.0119114858
-0.01103180825
-0.009826617842
-0.008194490177
-0.00570531525
-0.002231416379
0.001750706163
0.005515345433
0.008675690438
0.01116911957
0.01275530822
0.01298555531
0.01163021645
0.008875969485
0.005304389357
0.001838366029
-0.0007017802817
-0.002066349236
-0.002531999274
-0.002609300445
-0.002820122794
-0.003461900482
-0.00441865441
-0.005384301081
-0.006268615447
-0.007196896969
-0.008183304726
-0.008903605292
-0.008805606359
-0.007522182512
-0.005217677887
-0.002569325364
-0.0003372106822
0.001123032536
0.001841132628
0.001997525665
0.001718953408
0.000959805396
-0.0003396934269
-0.002022310477
-0.003678748753
-0.004828893272
-0.005182676908
-0.004665080186
-0.003390553859
-0.001744659965
-0.0002621668718
0.0006466173082
0.001017397391
0.001389678866
0.00235268316
0.003930843217
0.005482185742
0.006216476076
0.005833100902
0.004663915442
0.003158189922
0.001611096418
0.0003808437874
-9.658185687e-05
0.0004153599337
0.001793424924
0.003502780055
0.004763942497
0.004933397355
0.003939337513
0.002202343482
0.0001097647105
-0.002079481833
-0.004029581249
-0.00524376181
-0.005109138519
-0.003205727985
0.0002829754735
0.004468808301
0.008150383553
0.01042518293
0.01101596996
0.01014726012
0.008131543728
0.005235606101
0.001727599711
-0.002063793819
-0.005573619328
-0.007983526744
-0.008607618948
-0.007445488081
-0.00517824788
-0.002653311294
-0.0005006401996
0.0009647751427
0.001731582758
0.002073851528
0.002404412035
0.003028398108
0.003923693924
0.004733922205
0.004952284043
0.004220475454
0.002623578855
0.0007864180973
-0.0004737413158
-0.0007767103625
-0.0004108319811
2.406379448e-06
-4.882828715e-05
-0.0007513141062
-0.001992885797
-0.003470748526
-0.004815348888
-0.005559415224
-0.005291198683
-0.004006499774
-0.002157271566
-0.0003207675767
0.000990721598
0.001461073308
0.001124099337
0.0002355102736
-0.0008862079014
-0.001846577051
-0.002274341142
-0.001986204263
-0.0009650485643
0.0005724919172
0.002232647326
0.003671660662
0.00470998081
0.005330943966
0.005547955516
0.005248017316
0.004375863752
0.003169414325
0.002071859724
0.001368812954
0.0009971398471
0.0006521076828
-1.421802391e-05
-0.001162681826
-0.002670506108
-0.004302180349
-0.005774226314
-0.006780281249
-0.007072336678
-0.006577368755
-0.005497053891
-0.004115377685
-0.002697171436
-0.0016091615
-0.001149859043
-0.001253248985
-0.001454577784
-0.001177116533
-0.0001728202903
0.001208653298
0.002218755036
0.00235180975
0.001726954907
0.0007885851685
-0.00027115873
-0.001672667939
-0.003599634503
-0.005696136108
-0.007273304372
-0.007922288757
-0.007702848297
-0.006781148281
-0.005263790799
-0.003465920672
-0.001818652713
-0.0005321865547
0.0005049313267
0.001451775369
0.002275596672
0.002754152517
0.002696869889
0.002225207951
0.001673271776
0.001274970186
0.001093449485
0.001125975434
0.001444546283
0.002130319775
0.002985337559
0.00363574649
0.003898574661
0.003809789452
0.003480186731
0.00304898518
0.002618665922
0.002278151094
0.002177202662
0.002527782835
0.003395685276
0.004490392823
0.005214344638
0.004961663427
0.003415274525
0.0006915093801
-0.002758601985
-0.006442328989
-0.009904790462
-0.01257890813
-0.01377956442
-0.01288000748
-0.009671351869
-0.00463411791
0.001244276824
0.006806214823
0.01091254274
0.01262904302
0.01160159024
0.008441765587
0.004555052406
0.00136304613
-0.0004054977347
-0.0008800131064
-0.0006415728461
-0.0002860513861
-0.0002325246837
-0.0004148838582
-0.0002858674096
0.000544589932
0.001838422128
0.00296509407
0.003396984069
0.003081991849
0.002396428099
0.001691982971
0.001094065012
0.0006605301628
0.0003859515937
0.0001543069264
-0.0001188279836
-0.0003668320902
-0.000540127627
-0.0006677030836
-0.0006030472159
2.218314962e-05
0.001418479703
0.00331829745
0.005104173237
0.006185696656
0.006401508518
0.006030640461
0.005506212516
0.00521249004
0.005553645694
0.006830136861
0.008895178197
0.0111217161
0.01275175305
0.01318095207
0.01228527194
0.01058717133
0.008821880564
0.007471614141
0.006709808504
0.00647567923
0.006400451473
0.005924350149
0.004838556436
0.003448173716
0.002173098503
0.001221989856
0.0006151728405
0.0002791912146
-1.84725152e-05
-0.0004981690641
-0.001214680275
-0.002175692327
-0.003174767985
-0.003820123932
-0.003961072837
-0.003603430474
-0.002598978947
-0.0008654155338
0.001320313304
0.003386291068
0.00464712579
0.004608014674
0.003333826823
0.001442397984
-0.0002629737304
-0.001117721936
-0.00082859194
0.0005038283831
0.002550914651
0.00490649682
0.007138800245
0.008871585418
0.009830755341
0.009806567613
0.008752918658
0.006986766012
0.00513593657
0.003800276116
0.003206947107
0.003154616087
0.003236944008
0.003055233275
0.002371856678
0.001201465317
-0.0002190017533
-0.00152796463
-0.002444724627
-0.002905929303
-0.003051172262
-0.003107325059
-0.003224604726
-0.003478553329
-0.003983381498
-0.004771801363
-0.005572114944
-0.005980406766
-0.005830919188
-0.005201279121
-0.004305424786
-0.003501021319
-0.003142515123
-0.003518460141
-0.004890882559
-0.007313427775
-0.01031644758
-0.01298582398
-0.01444391179
-0.01422949554
-0.01257670941
-0.01038045704
-0.008528441692
-0.007369807276
-0.006769080363
-0.006358985899
-0.005773722739
-0.004739879362
-0.003179550163
-0.001275183685
0.0006216405711
0.002165214112
0.003262833044
0.004069566545
0.004690711513
0.00507948806
0.00520957738
0.005175400015
0.005129944773
0.005141856053
0.005119980372
0.004970651101
0.004725829802
0.004411202004
0.003862688132
0.002794930742
0.001044025788
-0.001298684494
-0.003883827438
-0.006170837397
-0.007662616178
-0.008110645988
-0.007593594645
-0.00650163085
-0.005389328317
-0.004741077852
-0.004632120339
-0.004592987371
-0.003895338895
-0.002069474549
0.0007518202616
0.003985944364
0.00687213672
0.008485775969
0.008049612459
0.005561444517
0.001871117614
-0.001771088943
-0.00415239529
-0.004623260231
-0.003409773187
-0.001234191515
0.001136177498
0.003018329403
0.003918183359
0.003696634472
0.002705653404
0.001558343016
0.0006456668118
3.346585679e-05
-0.000249714652
-8.573107874e-05
0.0005292767584
0.001356862728
0.002101148651
0.002595186364
0.002850853145
0.003048060811
0.003516023805
0.004400503549
0.00535234677
0.005837440485
0.005652217437
0.004890771157
0.003534765157
0.0014711302
-0.001229801113
-0.004175759313
-0.006657197395
-0.008056831741
-0.008365889323
-0.008087057266
-0.007690229414
-0.007295400963
-0.006803809702
-0.006127581721
-0.00536141699
-0.004693745689
-0.004113346864
-0.003530718969
-0.002901175362
-0.002156288304
-0.001275802264
-0.000305213039
0.0007525943127
0.001897756088
0.003059296984
0.00405349757
0.00460973013
0.004483532884
0.003567007172
0.002016702652
0.0002537711931
-0.001247805338
-0.002115204074
-0.002123465644
-0.001191094917
0.0005379887005
0.002655234002
0.004579169957
0.00579375846
0.005903957671
0.004806983543
0.003009018626
0.001424854812
0.0006830094459
0.000702247153
0.0009222217423
0.0008205815137
0.0003012900268
-0.0004459950884
-0.001192909621
-0.001783262643
-0.002147047088
-0.002230046812
-0.001893145369
-0.0008407005868
0.001074575834
0.003580859756
0.006166861158
0.00823841013
0.009265877005
0.009085741513
0.007985522337
0.006345206969
0.004504910245
0.002771411668
0.00133069246
0.0002051470291
-0.0006065444044
-0.001031284032
-0.001101629265
-0.001087375188
-0.001335960076
-0.002019720898
-0.002989752565
-0.003744524926
-0.003685031182
-0.002641372258
-0.001024151454
0.000492799616
0.001242099146
0.0009143812289
-0.0002694741684
-0.001850428652
-0.003313266561
-0.004001058196
-0.00334297172
-0.001272546947
0.001607362529
0.004296762793
0.005998013342
0.006474978452
0.00597027351
0.005007664536
0.00406738718
0.003236089532
0.002214540688
0.0008812223391
-0.0003355056105
-0.0008712208529
-0.0005468504258
0.000454425061
0.001843676834
0.003294736895
0.004385277936
0.00476720186
0.004374844027
0.003344634007
0.001937790622
0.0005138162102
-0.0006259192706
-0.001331104765
-0.001576767727
-0.001472393383
-0.001362320785
-0.001723726596
-0.00286391445
-0.004663540303
-0.006515197361
-0.007653753436
-0.00764899993
-0.006555844341
-0.004755860185
-0.002820133894
-0.001237281344
-0.0001488817313
0.0005139923966
0.0008424833411
0.000992440803
0.001261700821
0.001792810521
0.002419199877
0.003099650458
0.004137406953
0.005793319036
0.007880801478
0.009758435687
0.01066506145
0.01007171519
0.008040427818
0.005282111283
0.002752761232
0.001142483579
0.0005664569457
0.0006023177614
0.0006346852958
0.0003217934574
-0.000226662716
-0.0007759371247
-0.001277600987
-0.001708174381
-0.001959511975
-0.002093811792
-0.002301312865
-0.002576724733
-0.002654144024
-0.002243086508
-0.001239657892
0.0001566945874
0.00143102713
0.002067161862
0.001928517125
0.001183006871
0.0001406098527
-0.000726801161
-0.0009559890928
-0.0004351704958
0.0005202231982
0.001406516664
0.002000218203
0.002559652345
0.003557180232
0.005354326781
0.007967439981
0.01094293602
0.0134489587
0.01467331584
0.01416215045
0.0119212385
0.00842464661
0.004452674067
0.0008083697588
-0.001968511787
-0.003686241379
-0.004435870183
-0.004394670091
-0.003672236448
-0.002364578653
-0.0005724367727
0.001653732449
0.004202571011
0.006674182973
0.008482152521
0.009179260386
0.008745370403
0.007527670549
0.00593617965
0.004330103829
0.003013588347
0.002190737993
0.001900123645
0.001984705483
0.00207916267
0.001800993183
0.001037275282
-0.0001364566783
-0.001591763244
-0.003143687894
-0.004578563136
-0.005799748561
-0.006871897894
-0.0077981681
-0.008305786791
-0.007930602868
-0.006393362813
-0.003810446835
-0.0006692357775
0.002296470473
0.004325171799
0.00483478806
0.003573115665
0.000850137032
-0.002406551847
-0.005131678993
-0.006647500156
-0.006936799883
-0.006492090661
-0.005825121165
-0.005081787994
-0.004158968552
-0.003063816513
-0.0020040332
-0.001234935452
-0.0008452477903
-0.0006712249224
-0.0005034820564
-0.0003534893598
-0.00037937289
-0.0005724088503
-0.000682808344
-0.0004352076428
0.0002509441089
0.001105024957
0.001582417455
0.001205451582
-5.297184431e-05
-0.001745700075
-0.003021986064
-0.002960062405
-0.001397029154
0.0008346523833
0.002728216397
0.003866084183
0.00440612087
0.004696419365
0.004912552081
0.004905396498
0.004472542027
0.003715259788
0.003091078688
0.003048813352
0.003635134898
0.004618958175
0.005825006659
0.007158677407
0.008389596674
0.009237989074
0.009567615078
0.009420287811
0.008909340867
0.008006180943
0.006419831276
0.003818521911
0.000385678895
-0.002969438157
-0.005167138133
-0.00562335162
-0.004471820692
-0.002340683646
-1.406093457e-05
0.001823662526
0.002585114879
0.001817185499
-0.0005140381102
-0.003729525022
-0.006572716469
-0.007808147273
-0.006713159334
-0.003365509
0.001264484726
0.005693605805
0.008677444415
0.009698965971
0.008981388208
0.007230042301
0.005230111385
0.003509122468
0.00220428329
0.001129646741
6.940640869e-05
-0.0008965944996
-0.001443429897
-0.001250652062
-0.0002346834029
0.001293620142
0.002876031248
0.004176433739
0.005007274211
0.005404336681
0.005631299249
0.006032881521
0.006845296107
0.007900572873
0.008656420535
0.008649708786
0.007800483648
0.006525234797
0.005424814899
0.004679824321
0.003954610703
0.002756228766
0.0008789029607
-0.001416624704
-0.00366051047
-0.005339793691
-0.006016370525
-0.00548065329
-0.003910022535
-0.001897744719
-0.0001863393638
0.0006558361647
0.0004582966195
-0.0004601687542
-0.001458130775
-0.002002726382
-0.001975965086
-0.00145019125
-0.0003764227665
0.001257815709
0.003147528882
0.004843614998
0.00611873175
0.007060202809
0.007778788453
0.008259674864
0.008421329209
0.008125224386
0.007315235952
0.006047773377
0.004293277909
0.001937616132
-0.0009171224209
-0.00379100603
-0.005939025276
-0.006800533676
-0.006502903799
-0.005754720636
-0.005319151516
-0.005506590347
-0.005787595392
-0.004984771517
-0.00223297633
0.002209714504
0.007145206346
0.01117991617
0.01326978665
0.0130946439
0.01111723724
0.008305196889
0.005657414434
0.003726449639
0.002748714037
0.002952166989
0.004361597391
0.006562165639
0.008944032241
0.01097886313
0.01228451294
0.01259516897
0.01176092707
0.009806586966
0.007026883575
0.003991234
0.001399434475
-0.0002134339125
-0.0007294367817
-0.0005017343377
-6.261908473e-05
0.0002022147078
8.631516361e-05
-0.0004690596262
-0.00135903146
-0.002289656922
-0.002842655535
-0.002697767479
-0.001751351773
-0.0002547570029
0.001217567019
0.002098037973
0.001980607071
0.0007015999237
-0.001600362739
-0.004550059139
-0.007579947711
-0.01002989851
-0.01135870764
-0.0112471702
-0.009752669471
-0.007333242407
-0.004521346643
-0.001709398995
0.0007066152838
0.002310390779
0.002924596287
0.002743229076
0.002164062168
0.001609561109
0.001450923166
0.001896348923
0.002849766077
0.003931670551
0.004763415107
0.005326846609
0.005825813568
0.006231857568
0.00628491519
0.005961647341
0.00566649942
0.005851452413
0.006535318877
0.007169574489
0.007022675394
0.005844622817
0.004029215072
0.002240428894
0.0009513136824
0.0002332780828
-0.0001565107293
-0.0004719502977
-0.0007818864505
-0.001092165899
-0.001392175125
-0.001589485507
-0.001648349292
-0.001592695624
-0.001365007257
-0.0009093755519
-0.0004415434497
-0.0004628523579
-0.001359613347
-0.003053755375
-0.005148951021
-0.007294167182
-0.009083510949
-0.009923931837
-0.009239019848
-0.006817791202
-0.003193301181
0.0003753074217
0.00267078778
0.003328951275
0.002841890586
0.002082467883
0.001858945448
0.002597223624
0.00414131211
0.005847218317
0.006931667438
0.006809428366
0.00532776802
0.002909322203
0.0004158472262
-0.001231325899
-0.001425692347
-0.0001275276642
0.002098016893
0.004387077614
0.006094661731
0.007043160935
0.007434517045
0.007634320202
0.007963220103
0.008511357204
0.008986419903
0.008758759313
0.00732334835
0.004847412069
0.002060527341
-0.0004118936596
-0.002401107309
-0.003925098586
-0.004943793427
-0.005452868293
-0.005522848346
-0.005276080314
-0.004832032694
-0.004198995415
-0.003360274052
-0.002460322881
-0.00183538998
-0.001669637747
-0.001660470769
-0.001373219714
-0.000768936648
-0.0001019133917
0.0004669819237
0.0008628369448
0.0009753138842
0.0007333120519
0.0001220662836
-0.000711554291
-0.001391630855
-0.001652577448
-0.001517111882
-0.0009902672409
-5.006986057e-05
0.0009917702899
0.001520252941
0.0009667866973
-0.0007782058014
-0.003205456074
-0.005455665926
-0.006709628899
-0.006450153473
-0.004679217054
-0.001960329113
0.0008963869321
0.003198843287
0.004490364155
0.004576797651
0.00362672942
0.002069705308
0.0003418696379
-0.001273019923
-0.002556039134
-0.003186424683
-0.00283331379
-0.001452608457
0.0004907749276
0.002246085183
0.003380536889
0.004053006291
0.004785372523
0.005968989237
0.00742538382
0.008485540382
0.008525808162
0.007421338691
0.005561513657
0.003487371502
0.001584105799
0.0001450667179
-0.0006312200972
-0.0008467676194
-0.0009678575873
-0.001451463777
-0.002449059209
-0.003840438753
-0.005288272588
-0.006413281966
-0.007038549667
-0.007258300884
-0.007237228284
-0.006874413785
-0.005767803151
-0.003657440241
-0.0008334676012
0.001933800607
0.003915217205
0.004782565445
0.004687929165
0.004142002311
0.003453821246
0.002528248807
0.001232150845
-0.000311735675
-0.001784340916
-0.002960443677
-0.00380538021
-0.004415447377
-0.004916372326
-0.005344201884
-0.005628331933
-0.005567307841
-0.004945006931
-0.003829526597
-0.002609796458
-0.001731781405
-0.001462614487
-0.001751714422
-0.002302997271
-0.002871818299
-0.003321719139
-0.00339265764
-0.002678864329
-0.0009373562582
0.001652311963
0.004506673858
0.006700633863
0.007384211498
0.006369834991
0.004139459829
0.001533935397
-0.000629634672
-0.001892796676
-0.002062531042
-0.001078006895
0.0008593446333
0.003179902652
0.00514583431
0.006093260951
0.005722689893
0.004273631683
0.002349888931
0.0005630626321
-0.0006463910671
-0.001100283454
-0.0009669997826
-0.0007082410962
-0.0007671977196
-0.001237197882
-0.001923569502
-0.002672316331
-0.00354859854
-0.004721899829
-0.006140549629
-0.007314057234
-0.00752992457
-0.006515779048
-0.004612350919
-0.002281301498
0.0001545146983
0.002409340829
0.00424276358
0.005539435842
0.006283070529
0.006429586027
0.005824432615
0.004493927092
0.002993403145
0.00211088307
0.002224259072
0.003159342892
0.004468601826
0.005678780141
0.006527411122
0.006933232814
0.006831669545
0.006205097451
0.005217120561
0.004133254345
0.003096816091
0.002151936432
0.001319723225
0.0006189997126
0.000195468221
0.000221480002
0.0006111845958
0.001032551958
0.001208831026
0.001160131016
0.001250082692
0.001843468953
0.002884109352
0.003891020853
0.0042917313
0.003902182639
0.00320326096
0.002954981252
0.003541267621
0.004640293194
0.005367110541
0.004857119298
0.002837925188
-0.0001722431665
-0.003095102486
-0.004869638327
-0.005044426904
-0.003915093949
-0.002167929171
-0.0004301413958
0.0008683060516
0.001535769411
0.001623382344
0.001353079687
0.0009752195589
0.00060163371
6.349728482e-05
-0.0009177703733
-0.002342444599
-0.00383643634
-0.004936968525
-0.005456553495
-0.005593314233
-0.005665301538
-0.005758340002
-0.005662581387
-0.005109077264
-0.004031544616
-0.002708761151
-0.001547599057
-0.0007518624869
-0.0002013671655
0.0003856494151
0.001085632535
0.001648877953
0.001842594577
0.001825958294
0.002097505614
0.00309406552
0.004757573898
0.006493196479
0.007683609778
0.008085486191
0.00764371013
0.006372243517
0.004553043277
0.002712673809
0.001251703318
0.0001143765488
-0.001110430998
-0.002738525477
-0.00466271436
-0.00641494897
-0.007421288848
-0.007245552726
-0.005797826975
-0.003359267904
-0.0003768171399
0.002617276719
0.004871511268
0.005572759473
0.004349028322
0.001583273659
-0.001864652626
-0.005204089612
-0.007885428462
-0.009440811134
-0.009413145515
-0.007522097489
-0.004104361876
-0.0001930283959
0.002960238274
0.004425463297
0.004032803962
0.002437824918
0.0007181467756
-0.0001437961582
0.0004015856865
0.002227179612
0.004591951189
0.006632179919
0.007836037825
0.008199297771
0.007904900013
0.006912351882
0.005027193104
0.00226726794
-0.0009419043584
