0
0
0
0
0
0
0
0
0
0
0
0
0
0
0
0
0
0
0
0
0
0
0
0
0
0
0
0
0
0
0
0
0
0
0
0
0
0
0
0
0
0
0
0
0
0
0
0
0
0
0
0
0
0
0
0
0
0
0
0
0
0
0
0
0
0
0
0
0
0
0
0
0
0
0
0
0
0
0
0
0
0.0001497543626
0.0008038030024
0.003031663128
0.01090099169
0.03500405457
0.08554835213
0.1807850554
0.3273782195
0.517362429
0.7740938137
1.057024431
1.346671378
1.630180247
1.881568265
2.108545964
2.306719804
2.41136983
2.504600922
2.537953602
2.517859392
2.496443213
2.454218872
2.375266625
2.29566164
2.199642583
2.102072342
2.002699605
1.901926806
1.80975228
1.725231263
1.632756221
1.563814736
1.476653755
1.418784415
1.353797294
1.282870848
1.224293271
1.168334262
1.122166616
1.071558398
1.032429962
0.9860624728
0.9556803115
0.9144474157
0.891754062
0.8633829111
0.839903629
0.816174304
0.7958626981
0.7713297314
0.7599451418
0.7408403633
0.7315553149
0.7165799478
0.7038615511
0.6992587185
0.6881776793
0.6846672619
0.6769182968
0.6726581371
0.6602282502
0.6620896839
0.655816612
0.6594787158
0.6579392387
0.6581413894
0.6588148142
0.6590608912
0.6655278902
0.6696134884
0.66880969
0.6788975497
0.6811626449
0.6928969056
0.6978873553
0.7133855741
0.7253675694
0.729616776
0.742588216
0.7559047608
0.7715242674
0.7806949107
0.7931005346
0.8147510816
0.8265250248
0.8428649739
0.8584024191
0.8777519508
0.8885972875
0.9104032615
0.9226033681
0.9363572881
0.957813127
0.9713016621
0.9844053001
1.000774599
1.015608544
1.034816929
1.044327737
1.060541231
1.0822609
1.089091654
1.095857338
1.110945503
1.116351724
1.12963602
1.14124434
1.145131794
1.152599504
1.157737144
1.167356741
1.169298993
1.164982016
1.158884048
1.165348502
1.155997216
1.157166936
1.149443905
1.145659815
