0.595073376884
1.97575423712
-1.82336740847
1.73831845975
-1.63973661561
1.67718208626
-0.524051857038
-0.830235674166
-1.16757544659
-0.343898242049
0.597334707158
-0.958596981039
-0.476993029804
0.978703016228
-0.999668348388
-0.190189679913
-1.35937282399
0.173719378891
-1.05722456381
2.08511514499
1.38606122196
1.81211380207
-1.9362583312
-1.40517740386
1.43787130573
-1.22559617834
1.66879216723
1.69117782511
2.13118477874
2.13326211672
0.48443290323
1.32391392693
0.404694073941
0.664045351423
-0.256445845438
0.121836103792
-0.594699189041
-0.0036101487399
0.0650025472376
-0.270491270237
-1.69722064245
-0.206818104195
-1.40437277613
-1.74515353435
1.86290735115
-0.0824655439646
-0.659742053857
-0.650095348158
1.14965365237
1.16688439186
-1.22437223459
1.55661239901
1.05232441787
-2.01919621548
1.13914868847
-0.0158059823717
-0.901760743865
0.828252060662
-0.9307099109
-1.06644597559
-1.9865381863
0.826394851097
0.81379994006
0.421189383593
-1.07660380882
-0.360712038638
0.95105787398
-1.42591706073
-0.343018786516
0.763180949786
-1.49069918323
-0.444012529739
0.244598263574
-0.613518434601
-0.488769646639
1.87830205874
1.23600325383
-1.09394549699
-1.48053899359
-0.976038148615
1.54036806615
-1.53189941359
0.438048379397
-1.58559139742
-1.43885827414
-0.51246516363
2.1347385285
-1.22607886694
-0.530858908584
-1.4420650046
1.87873428789
1.6303315687
0.641443957495
0.675722695527
-0.101096344373
0.576372152293
1.73541371602
2.14423395055
-1.97982074793
0.182900610126
1.74406767466
0.0251187054464
2.11044847457
0.502295257864
-0.102906360658
0.931351872261
1.10907234061
1.77267750837
-0.877267772555
0.616878915778
1.43330505886
-0.670015590458
-2.13066561702
-0.126542143186
-0.505402800514
1.49799258056
1.04083562256
-1.18360781429
-1.99782030537
-1.11536262
0.268324694629
1.36331110814
-1.78259701119
0.652830858098
-1.7674274319
-1.8034169092
-0.733688593679
1.21926823319
-1.94243096344
1.28699388153
1.71097016213
-1.2376397531
-0.320520796817
1.01813547478
-2.02064963438
1.87582994554
-0.973568326314
-1.49541423353
-0.937267509268
0.0630226963078
-0.682801308364
-0.242700567198
1.42817645754
0.426148912275
-1.22971347492
-1.15219819012
1.04610932131
0.867773155911
1.77080304664
-0.881322117535
-2.04989513266
-1.48452020582
-1.8648437374
0.187355048337
0.186281372823
1.55286330708
0.011598662558
-1.2636722887
2.07214378007
-2.14969160104
-1.020625291
1.56989632326
0.944816703175
-0.20261986973
-2.03675226859
0.819649234477
-0.143387560341
1.78361579057
-2.10202033973
0.400252536326
-0.300542762223
1.03593219233
0.0932880916779
-1.52279189144
1.33139689011
-0.378745996284
-1.79398799104
0.257776152578
0.791596187218
-1.13663967131
-0.330748641696
1.9848272022
-0.642885145981
1.47573000018
-0.0376805475829
0.67581800061
-0.777698186381
-1.957430005
-0.47448001546
0.585038082603
1.19509107258
2.03008695912
-0.120073576483
0.350893029379
-1.59178815933
1.49828572745
1.21733451537
-1.06814119499
-0.802307152243
-0.79427731795
0.596297485621
-0.441076875442
-0.359835992416
-0.357261769684
-0.187263664443
0.918225810143
-0.751094985132
1.44854832077
0.35988106493
0.250833832537
-0.714875396005
-0.677616953696
0.264154291971
-1.74808608025
-0.544180770608
-1.36573081714
-1.77139277042
0.525128251642
-0.091378146634
-0.423162560053
0.0577885690068
1.08586208923
-0.83318675318
2.22233013902
-0.558969469009
-0.470192960545
0.642928294312
-0.643547949134
-0.270968861245
-0.559451117899
1.06412468503
0.215344385425
1.8967333758
1.27061239384
-0.320500909331
1.0322327979
-0.378057479409
0.686526979179
-0.704204751916
-1.40098207214
-0.919169384537
0.216940015379
1.25602643387
0.587551986269
-0.0289263062225
0.788791023535
-0.577477217709
-0.236201059297
-0.0403743970221
-0.561200474801
-0.614149465599
0.330471160361
-0.00490713621257
-0.178943958104
1.33625960598
0.990849642259
-0.936695281615
-1.44010166592
-0.689317186408
-1.29241595784
0.965965610697
-1.22994510478
-0.0524786165099
-0.720377774624
-0.861559299153
1.39120747325
-0.31778310712
1.33488703548
-1.56291780528
1.10986439365
-0.31930175673
-1.94872072959
-0.403524918907
0.891438629454
0.264992098472
0.214452922234
0.869551474088
-0.22514739019
0.827304085875
1.24868936607
-0.166129789291
0.131658803458
0.0534891929925
-2.06651568815
0.438913885465
-0.737920557669
0.125914086725
-0.299780307278
-1.21069455162
0.386175943113
1.57985731571
-0.982305236525
0.751219899838
-0.00312026292236
-0.533635238225
0.784446626309
0.616513231047
-0.0157576649495
0.558868442609
0.393037402712
1.27657276024
0.817232547395
0.718210220603
-0.645178309633
0.214846843509
-1.05176874841
1.36224413573
2.94424392443
-0.677245455628
-1.72221677801
-1.40310886625
-0.773333003318
-0.0965377698345
0.827594676353
-0.0947295033366
-0.596273862532
0.752602938118
2.0970325502
-1.05618954317
0.183699215592
0.161237968974
-0.747132221362
0.557777047872
0.379720630831
0.471258180948
-0.128060753342
-1.27936680849
-0.0328907244475
-0.268202903451
0.228835169917
1.36040778787
-0.264226020399
0.764740982872
-0.214399888142
-1.04402948509
0.535218544258
1.0882057851
-2.39628890159
-2.18966848617
0.717586372707
0.252138037747
-0.18396183659
-0.487351061049
-1.41310127008
-1.06504324748
-1.82522078346
-0.679945637638
0.794440535654
1.57226404265
-0.0681718214733
0.574106188096
0.501493887799
-1.2168610493
0.538034951377
0.690084550458
0.713330890192
-1.21009373309
-0.662182079868
0.376869102008
0.165473399126
0.95816386252
0.0453723892011
1.70262679575
-1.53809102006
-1.23308360912
1.35453054938
0.476638217327
1.31030953816
-0.886292988085
0.856905243803
1.35575679662
-0.161806840787
-0.810366272435
0.863800886452
0.624425714926
0.55771838729
-0.0215209830169
1.43959503333
-2.65147905402
0.825580742903
-0.0888254015656
-1.24000589811
0.57808355218
0.61493901341
