0.697134258172
-1.03917272995
-1.05340337405
2.15061546465
0.971036717092
-0.486404657397
0.268283551054
0.818746365846
0.740320154444
-1.86769072596
-0.578588581077
-1.79630589769
1.02924693508
2.5418366213
0.489510378854
-1.02040704619
-2.09340924975
0.757630413162
0.55327755662
1.75423106653
-1.41278027968
1.54531676178
0.77117567081
0.278904995245
-0.329763673555
-0.8653385463
0.278380681841
-0.777653238307
-1.48415253498
1.82194466536
2.40305214301
-1.58142976828
2.29048324856
-1.97693080515
2.41970931925
-0.0107229370655
-1.12405526798
2.26982761824
2.02177751346
-0.566547673398
-2.35352950435
2.21513596791
-0.60264295557
-0.183720943678
0.397767709599
0.31142748324
0.214800349103
0.966586554862
-0.671757737995
0.870637062307
-1.96255390624
0.548592207405
-1.66079775093
-0.428705069618
-0.0577306242078
0.175646103884
2.25296860201
-1.63521864192
-1.32952244623
-0.844546120758
1.21897268921
0.258535839099
-1.54901311227
-1.89838658002
1.91021600996
1.47093522907
-1.66073955506
-2.11613644767
0.912146742372
-2.54473859451
2.07072691812
2.00472461573
-1.81089144394
-0.464274975021
1.9767863098
1.30625090847
-0.874535457597
1.98077823826
1.73433754714
-2.0663244055
2.42021773105
-0.201399586196
-1.33547594613
0.514154417826
-0.728253709604
1.49332756953
-1.11804146706
1.84749970927
-1.47478605871
1.5126755669
-0.340051438915
-1.96172496562
1.4514992886
-2.39832237042
1.31226874348
-2.46987847947
-2.29245583148
-2.55853275572
-0.935980979362
-2.13465539945
0.990631836087
1.22740679377
-1.20998532752
-2.04472963858
-0.103450439928
-0.484379005477
1.6955210856
2.43700872946
0.945584840133
-0.193718297751
0.287202500965
-1.32763002648
-1.64137184919
1.00636701344
-0.119661541328
1.89885350608
-0.123127202956
-1.71311902317
-1.05043366844
0.0780785958208
1.10042715628
-1.75534871271
1.06121283703
-2.23022233642
-2.14791010347
-0.988086283833
-0.740665085521
0.836396296925
-1.37430538643
-1.06270717646
1.76698664442
0.142862437075
-0.145153826173
-2.50575060027
-2.27867789642
2.04072611257
1.05703050009
-0.8937602974
-1.50299598868
1.99586346214
0.261770257326
-2.35700363993
0.422481383566
2.42811102149
1.44274936133
2.3935725055
-0.220540054535
-0.502131652458
-0.704389753974
1.50986682302
-1.81789442494
-2.4454283625
1.88357204658
-1.14750376967
-1.88247124844
-1.93372823565
-1.71466519101
-2.30340666897
-0.844794816718
1.84337059866
-2.48746050575
-1.46034281145
-0.374520328889
-2.53684360731
0.739048505384
0.912158428739
2.21630214413
0.865575612432
-0.0987715913061
0.822420222745
-1.38515007313
-0.202067847922
-2.07279756031
-1.7040153606
-0.100793941285
-1.0593735716
0.0655259360896
-1.65792075086
-0.412455903166
-0.151404955687
1.09878563491
1.93490348361
-2.56194938729
0.134612110151
0.175756146479
1.433247277
-0.648358153503
1.76382211743
-2.4286466568
1.74840093986
-0.748417895328
-1.27717108671
0.871145554615
0.946051943669
2.46516342891
1.78690872904
-1.25153062965
0.811944249668
0.746494397385
2.29872673898
1.9358324274
-0.775908871666
-2.0375290654
2.33435615541
0.226790964655
1.46861784981
-1.92513936365
0.630795126869
-0.846515621181
2.25818754419
1.72323318836
1.58495825365
1.38108637755
-0.854156367596
2.40676497968
1.40721482064
1.64722761902
-1.1902894912
2.30674856954
2.39574273305
0.347782983244
1.16150455363
-1.1166275089
2.50231995696
-2.39318529214
2.52229383918
-1.47780070035
-2.15664502713
-0.762044807846
-1.86956160366
0.451268749489
0.496999526429
0.481457132241
-1.48542056569
0.396847594002
1.80832220631
-0.225466964004
-0.26748459986
-1.54686777189
1.20498577351
-2.13564699264
-1.84160972709
1.85318317285
1.27003129969
0.96364145446
0.893023020333
-0.797639258831
0.644151868657
-2.29362457004
-1.15359205933
0.94258600489
-2.25186772673
2.1447643788
1.01415485847
0.072506500107
-0.347775596973
1.98787330003
2.36674030713
1.42388728365
-0.68796844284
1.39367367235
-2.45828906165
-1.61644516545
-2.42034196509
-2.54851492323
-0.660822480872
-0.917108658673
-0.279759731703
1.4929055999
-0.00696999736281
2.05850595137
0.613833601182
-0.579657455991
-0.172404654403
-0.450355148469
-0.912022298828
0.845733105604
-1.66070746171
1.57285900686
1.07851685854
0.282117204822
-1.30720824699
-0.198641055917
0.326386307422
-0.314526524129
1.29284222536
-0.928457403425
1.76735770564
-2.18201992815
0.19879665661
-1.30192571002
-1.40903114203
0.728569631121
-1.62085101809
-1.91938664128
2.02995059445
2.05496292208
-1.45416265923
2.33065839964
-0.626150463217
-1.98212468085
-2.3971183982
2.23541364379
-0.667002359111
-1.83528766085
0.296189600728
-0.0531313199808
-2.3197527691
1.59097786714
-2.02798766598
1.46806369434
-0.282649060658
-1.26097457356
0.200901731654
-1.03600378411
1.97698155008
1.70100283537
0.447671721048
-1.69946535082
-0.928076943617
2.19587356576
0.86815007442
-2.28610323305
1.24368804994
-1.49527705479
-1.00390158382
-1.88156035905
-0.031389610735
0.885154039409
1.44154697959
-0.27462637919
-0.101166668982
-0.476542644671
2.37971439916
-0.0306619282722
1.22983411568
-0.713903791721
-0.0108214819734
0.329522029886
0.483856357001
-0.11202434992
0.579656042558
1.05616349527
-1.30191594911
0.331939167062
-0.149013374606
0.546682334378
-0.811846618793
-0.138458759932
0.458702459155
-1.00918027598
-0.894709665672
0.0146157986055
-0.301800939919
-0.150891742323
-0.0425716451034
0.158233775736
-0.559173622506
1.78128987459
1.25542050157
1.18555137461
0.296276456344
1.64548939856
2.4379587103
-0.542060034427
-0.450506630604
0.91298589932
-1.53919731459
-0.535493485435
0.257215966327
0.709900248778
0.0984351132062
-0.419675548581
0.347463373145
-0.357937199222
1.23535564427
-0.0374974396171
-1.74786288806
1.33078235868
-0.859298587679
1.19754437833
0.856608486014
1.77629368267
1.12466078778
-0.35500750883
1.00470377074
-0.587736940449
-1.31455896973
-0.818296193512
-0.481536961946
0.303046500324
-0.588633818348
0.15085454307
1.67995953521
-1.26481813304
0.394442139401
-0.144059604139
0.350525326264
-1.35953817263
0.949576077971
0.372152524677
-0.281816958036
0.511229142662
-0.588134442172
0.159509154146
-2.66151705881
0.705409844994
-1.80881531542
-1.46205757799
-0.233072325315
-1.72007816512
-0.370579978232
-1.1131622946
0.946809183325
0.820551187002
-0.871782779877
-0.74008009599
-1.41433862728
0.383283478651
0.704200373023
0.789621090714
0.657625958677
-0.829427450137
-1.78516331767
0.825435627292
2.1240570595
-0.564651223898
-0.238203768506
-1.09241568541
0.144373383409
-0.148923129805
0.497154923147
1.28759160174
1.12524776912
0.0799163360288
-1.33681816964
1.57836154956
-0.269923003798
1.16497991956
-0.193868125907
0.818653904566
1.78743680639
-0.0609450074094
0.523055697943
-0.197892290922
-0.139198196693
-0.628187934161
1.59891659297
-0.441386039318
0.681298320889
0.473617940035
1.54982380196
0.0316208925778
-2.99936727206
1.3157031764
3.06203752879
1.57372381062
0.497176603276
-1.64057874282
-0.76214191083
1.05573421441
-1.33109081241
0.85449109465
0.0312622968544
-1.36823108677
0.634143233391
1.11802050525
0.967736718242
0.941164182032
-1.42391938352
-1.2799894006
0.208085496249
0.123623657631
-1.46953720422
-1.02613690562
-3.23333220012
1.14911416951
0.081669605351
-0.647562554408
0.078952283291
-0.197775700214
-0.26853246072
0.112616277277
0.0791641096895
0.719426832124
-1.18721313843
-0.644846912687
-1.36862130253
0.621659901496
0.872182515754
0.788127290641
0.0850219675735
-0.0605774659323
-0.0994474808058
-0.168727407579
-0.248814455006
-0.0271755836268
0.0887768352332
0.246533203829
-0.604347331015
-0.146406650848
-0.555244594599
-0.939271096127
-0.578561500978
0.0345504245846
-1.58574436236
-1.58244583395
1.10099624032
-1.21075324759
-0.298696555972
1.07539776936
-0.0264242802077
0.217627285338
-1.09572512473
-1.26535933834
0.878746947074
-1.23079076393
-0.449429890749
-1.37717854888
1.23869340081
-1.39207625063
0.0786697336291
-1.07288995674
0.0706846834438
0.169922192176
-0.305759302574
0.994818579448
1.07134480644
1.0600730115
0.7603546556
-0.527149407219
0.864681251876
0.352054210176
-0.696662160644
0.458094400958
0.0177701536165
-1.91018922384
2.28317296736
0.0952342404725
0.74338797358
-0.843894600255
-0.100018113083
-0.928935151399
-2.169670023
0.337896395326
0.867657851208
-1.31727347758
0.728728158828
1.02930843537
-0.123872854991
0.678094346192
0.647031553807
-0.33520321161
0.917708400806
-0.676643621993
0.0263633515631
-0.888783894046
-0.722962058593
-0.297108921199
-0.792978695452
-1.1004714197
0.943526190985
-0.120217010008
-1.01770091785
1.26515391837
0.51039416165
0.32098691617
0.18210778178
-0.199074175025
1.47758445768
0.803400601852
-0.0872144836666
-0.245669923428
0.473044571776
0.421100537589
-0.657221144262
-0.809205257592
0.77375990419
0.0411927384533
-0.224429394218
1.43099620003
0.65254325431
0.496060994908
0.135628450598
-0.183274206424
-0.559698307156
-0.0697760846253
-0.716025989158
0.883911026033
-0.444756548756
0.456431520122
1.06919521598
0.921565082708
-1.55744011026
0.47781349254
0.876192985995
1.37928126039
0.150505318904
-0.351322504168
2.19015027441
-0.170651843291
1.70989371539
-1.30527319463
0.446983680207
0.425091036413
-1.04272043215
0.114638390839
-1.90794895118
-0.72463263398
0.878841820266
-0.788296399078
-0.0601129096176
-0.00420691489809
0.737755965303
1.10982569439
1.75585344132
-0.905611996896
0.797944132711
-0.282531560615
-1.09612015338
0.0946952019195
0.995725454994
-0.231632887283
0.55760882953
-0.717615272593
-0.315154349897
-0.640238725726
-1.60898836166
0.258935026718
-1.28382564728
-1.13420145101
-0.559070370172
0.0464934116701
-1.56082940108
0.0197876904281
-0.183676635449
1.71736844772
0.784473500076
0.359410905158
0.625123013899
-0.911636993604
-2.07598484378
1.39757973378
-0.232788610418
0.316564474442
-0.500499025026
0.416521108675
-1.34733836218
