2.94182388
2.698719319
2.093483809
1.37188886
0.7284250738
0.2555118683
-0.03494379329
-0.1755177822
-0.2143705661
-0.1974237387
-0.159576491
-0.1222399439
-0.09496820733
-0.07899367187
-0.07110624124
-0.06697038018
-0.06316045658
-0.05791915603
-0.05103137511
-0.04327059579
-0.03574445772
-0.02940136081
-0.02469848811
-0.02147123778
-0.01915320507
-0.01718312075
-0.01529045243
-0.01344777923
-0.01160274686
-0.00951536018
-0.006962517578
-0.004073490728
-0.001308310586
0.0008741243327
0.002205953681
0.002629465533
0.002279647429
0.001364969572
9.34001309e-05
-0.001317822318
-0.00265827697
-0.003640130212
-0.003860953945
-0.003093539542
-0.001606451843
-0.000193589276
0.0003784967297
8.909018619e-05
-0.0003962180847
-0.0004739183992
-0.00013077878
0.0001709969363
-2.330282252e-05
-0.0008092029476
-0.00184117224
-0.002440813559
-0.002016124683
-0.0004676572633
0.001855118668
0.004317288768
0.006176949928
0.006926135834
0.006479540731
0.005080723551
0.003192456133
0.001411122849
0.0002330464467
-0.0001396649005
0.0001497118167
0.0006598719434
0.0009912363619
0.001102139573
0.001211349845
0.001454917181
0.001590523886
0.001119650042
-0.0002427878786
-0.002378110868
-0.004793734311
-0.006682910196
-0.007250880751
-0.006179233641
-0.003829595779
-0.0008995117175
0.002092375905
0.004899624939
0.007310806198
0.008932993502
0.009250616675
0.008036333717
0.005596571844
0.002566494075
-0.0003522016766
-0.002584813062
-0.003823274574
-0.004065949598
-0.003609596506
-0.002985105139
-0.002717011451
-0.003000950053
-0.003573453716
-0.003875604331
-0.003369194105
-0.001749321069
0.0008627345049
0.003779762251
0.006093397608
0.007230343673
0.007111332913
0.006002484249
0.004397283023
0.002875457678
0.001760181386
0.0008395546607
-0.0002983753796
-0.001657606645
-0.002775843107
-0.003190700838
-0.002849463798
-0.002168392365
-0.001693499499
-0.001701349529
-0.002142345187
-0.00276968121
-0.003152392601
-0.00280824485
-0.001460402349
0.0006452285604
0.002714161314
0.003907988583
0.003850555586
0.0027119623
0.001123661426
-0.0001603524394
-0.0007511536441
-0.0007327442868
-0.0004474974104
-0.0001348110548
0.0002384901648
0.0007550404216
0.001348591232
0.001830575582
0.001996205427
0.001784271903
0.001376081523
0.001060693262
0.001024808492
0.001383857957
0.002183777576
0.003181291415
0.003867375436
0.003798883246
0.002866358023
0.001314114122
-0.0004443459612
-0.0020817873
-0.003490131405
-0.004558254214
-0.005005088988
-0.004664608497
-0.003783646667
-0.002929855823
-0.002632113378
-0.003160508939
-0.004517145649
-0.006477859197
-0.008674135517
-0.01070715195
-0.01218174244
-0.01278820537
-0.01239113142
-0.01096907858
-0.008577631852
-0.005489992837
-0.002151574317
0.001109015195
0.004149022402
0.006791776498
0.008705416541
0.009554972908
0.009111365672
0.007340226352
0.004556615878
0.001520802063
-0.0008248478785
-0.001845101034
-0.001607308914
-0.0008034461821
-0.0001923109636
-0.0002228606369
-0.0009643688258
-0.00222643588
-0.003856040164
-0.005791166687
-0.007754388949
-0.009164708837
-0.009517599957
-0.0088083765
-0.007439084248
-0.005912199065
-0.004641895006
-0.003846911773
-0.003553234521
-0.003636921545
-0.003914622263
-0.004257644491
-0.004570988457
-0.004718150716
-0.004550882275
-0.004042828428
-0.003377717887
-0.002872210428
-0.002836879196
-0.003337508224
-0.003974801285
-0.004089969731
-0.003281196919
-0.001626779681
0.0004695731171
0.002492151261
0.004000691344
0.004709241099
0.004526510187
0.003531212941
0.001865726009
-0.0002811341487
-0.002553853954
-0.004421834189
-0.005401113262
-0.005387039841
-0.004671393496
-0.003564920098
-0.002149408511
-0.0004150980643
0.001547826172
0.00357360562
0.00547214588
0.007077144686
0.008210399364
0.00862287683
0.008147198803
0.006899052135
0.005274358168
0.003757557955
0.002742330072
0.002326064498
0.002199301512
0.001916301584
0.00137056468
0.0009291056414
0.001039647558
0.001817352546
0.002961270473
0.00389230574
0.004001457944
0.002956101944
0.000887067855
-0.001800986583
-0.004601332321
-0.00695630188
-0.008383529627
-0.008642224557
-0.007698752447
-0.005657336908
-0.00291388833
-0.00017417632
0.001879748061
0.002968936494
0.003347066655
0.003611384766
0.004322252613
0.005705187377
0.007544716487
0.009339604646
0.01050201952
0.01049808796
0.009139585786
0.006753856716
0.003896302555
0.001021385461
-0.001493264439
-0.003279472118
-0.004073814542
-0.003903370524
-0.003158009106
-0.002377862813
-0.001827987866
-0.001285657037
-0.0004216338937
0.0007421106422
0.00183921564
0.002524193779
0.00277206356
0.002773465934
0.002667842778
0.002462772266
0.002163284646
0.001842400848
0.001520361235
0.001061623378
0.0002681661797
-0.0008746409889
-0.002072502547
-0.002917575093
-0.003228140876
-0.003066630067
-0.00254553006
-0.001783293951
-0.001016706473
-0.0006104546951
-0.0007903246864
-0.001348445626
-0.001781703756
-0.001762507953
-0.001309467433
-0.0005528413049
0.0004595842578
0.001606174303
0.00261775455
0.003296383502
0.003545531144
0.00327201117
0.002538059653
0.001601657728
0.0006260405581
-0.0005047772362
-0.001907149791
-0.003388395026
-0.004606697245
-0.005412402868
-0.005879590353
-0.006098815981
-0.006142957278
-0.00607786331
-0.005858483147
-0.005365920325
-0.004546892164
-0.003447842395
-0.002111013301
-0.0005240261429
0.00121888909
0.00281330813
0.003901626541
0.004280324562
0.003861988493
0.002649547179
0.0009192690781
-0.0007892307598
-0.002032375599
-0.002680386969
-0.002753691344
-0.002295631367
-0.001488988633
-0.0007379496073
-0.0005128642828
-0.001065693765
-0.002241626248
-0.003519137681
-0.004278595181
-0.00416639008
-0.003314584042
-0.002158764653
-0.001109356525
-0.0004792982893
-0.0005832571298
-0.001612377726
-0.003391709262
-0.00538777376
-0.006956118988
-0.007619857895
-0.007175302043
-0.005688071059
-0.003434411583
-0.0008265572973
0.001627185274
0.003446743794
0.004309525348
0.004090673335
0.00292907514
0.001324426886
-1.069937437e-05
-0.0005822297998
-0.0004519164514
-3.915427302e-05
0.0003433231919
0.0006419916002
0.0008931761258
0.001086240041
0.001164175266
0.001117168687
0.0009978287852
0.0007822512353
0.0002828720658
-0.0006355703825
-0.00184778196
-0.003102343046
-0.004250456894
-0.005163049198
-0.005574434046
-0.005327765039
-0.004703909384
-0.00423264933
-0.004279307226
-0.004777482891
-0.005234152333
-0.00508968483
-0.004156565165
-0.002732438878
-0.001418181077
-0.0006884813855
-0.0005340916221
-0.0005711339864
-0.0003628704949
0.0002753536206
0.001106706388
0.001697730996
0.001718087805
0.0009929572967
-0.0003968748375
-0.001996092984
-0.003202150427
-0.003692385243
-0.003614728094
-0.003404752667
-0.003432375401
-0.003808498573
-0.004431420175
-0.005121336919
-0.005599690658
-0.00552584248
-0.004703637414
-0.00329850628
-0.001785458431
-0.000689256742
-0.0003045147204
-0.0005177339475
-0.00094346081
-0.001235617002
-0.001255953728
-0.001012050267
-0.0005780064302
-4.483436367e-05
0.0005626792819
0.001239610026
0.00189303103
0.002375262079
0.00262008588
0.002693081056
0.002695955388
0.002692511733
0.002720146027
0.00278930934
0.002873821241
0.00296753919
0.003118132661
0.003347433281
0.003564120077
0.003568203902
0.003214123726
0.002549786629
0.001808896358
0.001281647264
0.00114629568
0.001433470851
0.002015606304
0.002726069246
0.003433635625
0.003921767889
0.003899472349
0.003220524841
0.001999674017
0.0005267885188
-0.0008283643816
-0.001677473808
-0.001797993527
-0.00128472294
-0.0005170444745
7.068609059e-05
0.0001998093991
-0.0001963758847
-0.0009144218117
-0.001561014718
-0.001760918312
-0.001351791997
-0.0004787689599
0.0005615091402
0.001537331529
0.002267144941
0.002607643767
0.002639520996
0.002605719135
0.002578129507
0.002364671417
0.001748903223
0.0007369749279
-0.0004632342394
-0.001621582655
-0.002576289932
-0.003250357817
-0.003620457378
-0.003646952831
-0.003329363684
-0.002768566675
-0.002072856539
-0.001235388196
-0.0002208289186
0.000828729407
0.001629106779
0.001962000627
0.001833116024
0.001474631091
0.001129030064
0.0009038364388
0.0008439748033
0.0008490158711
0.0005988416033
-0.0001582547809
-0.001225824136
-0.002088034509
-0.002337230723
-0.001836985084
-0.000726365119
0.0007455616574
0.002363394236
0.003859638868
0.004910821007
0.005226058663
0.004671099485
0.003428001771
0.001971490091
0.0007398053462
-0.0001061352886
-0.0006126128436
-0.0008458676793
-0.0009126661448
-0.001048151849
-0.00153516672
-0.002440871665
-0.003463949638
-0.004111691487
-0.003976209968
-0.002898616886
-0.001066412284
0.001023159946
0.002760685218
0.003671733987
0.003610740307
0.002792753934
0.001617638596
0.0005254877075
-0.0001538701355
-0.0003718580348
-0.0003426814147
-0.0002533896942
-7.671315784e-05
0.0002538809042
0.0006855412042
0.001142300625
0.001647297751
0.002201696387
0.002681982409
0.003007910697
0.003230429773
0.003369068223
0.003305374796
0.002857400768
0.001944216435
0.0007864795313
-8.059012274e-05
-8.534935046e-05
0.0009766497449
0.002761043779
0.004539547686
0.005542130957
0.005320906161
0.003952318524
0.00188611214
-0.0003642829403
-0.002404639628
-0.0040538158
-0.005270593405
-0.005939016152
-0.005915773947
-0.005262998202
-0.004279444489
-0.003238462706
-0.002262652215
-0.001423456065
-0.0007316875381
-0.000161777539
0.000207678417
0.0001512505146
-0.0005161200753
-0.001666703943
-0.002857902881
-0.003591783387
-0.003559190278
-0.002716007649
-0.001197830557
0.0008837680137
0.003503774706
0.006409312855
0.008861979765
0.009933852525
0.009166227174
0.0068636527
0.003815487865
0.0008594107754
-0.00154323245
-0.003430294961
-0.004905111112
-0.005820827302
-0.006022968499
-0.005727269019
-0.005411635959
-0.005382447656
-0.005533664789
-0.005523622272
-0.005136755096
-0.004432437348
-0.003649546926
-0.003024551154
-0.00265081413
-0.002400253383
-0.001962549302
-0.001126179937
-1.100728427e-05
0.001037559551
0.001667829423
0.001737229423
0.001423551568
0.001065794065
0.0007611998022
0.000165177039
-0.001095379834
-0.002911233926
-0.004782189203
-0.006184185639
-0.006747515475
-0.006295659278
-0.004871820474
-0.002701243697
-7.37761815e-05
0.002730462669
0.005409314012
0.007643137216
0.009227536744
0.01009485369
0.01017948203
0.009299560135
0.007230488841
0.004000510221
0.0001922538994
-0.003127830912
-0.004922271495
-0.004713929671
-0.002815608228
-0.0001675893339
0.002238500541
0.00384407385
0.004512999672
0.004363380251
0.003686466713
0.002877332775
0.002262178577
0.001932543833
0.001754334557
0.001480372162
0.0009119220199
0.0001554313662
-0.0003187901201
-4.892088298e-05
0.0008886608068
0.001859968298
0.00227910969
0.002041687932
0.00131904239
0.0002293863966
-0.001154630861
-0.002682644537
-0.004062384149
-0.004877052357
-0.004793219859
-0.00383059398
-0.002350680285
-0.0007191043388
0.000896571089
0.002383672385
0.003556444977
0.004325869909
0.004863727137
0.005383515208
0.005863822932
0.006123770867
0.006101727339
0.005817095475
0.005184503184
0.004095551181
0.002713334143
0.001472561946
0.0007820331616
0.0008050901655
0.001452345848
0.002400766357
0.003153472311
0.003227674839
0.002362685814
0.0006100841433
-0.001591329861
-0.003546013259
-0.004734448367
-0.005084705244
-0.004889307045
-0.004550038361
-0.004370507974
-0.004455331287
-0.004678829285
-0.004822674819
-0.004754959701
-0.004508614756
-0.004205955562
-0.003932754844
-0.003646153367
-0.003224587582
-0.002600334091
-0.001835641153
-0.001159580455
-0.0008320960563
-0.0008750606701
-0.00106660486
-0.001186720854
-0.00113765082
-0.0009319369293
-0.0006289309048
-0.0002018971009
0.0003682085938
0.0008388668288
0.0008657151219
0.0004058352358
-0.0002983701567
-0.000970593205
-0.001458363583
-0.001731171702
-0.001793365319
-0.001592157734
-0.0009269118576
0.0003484875255
0.002027372234
0.00358525959
0.004524106164
0.004717129466
0.00427630324
0.003190127634
0.001473652544
-0.0005223555757
-0.002191399288
-0.003000275169
-0.002765125093
-0.001716705676
-0.000312181158
0.001121862279
0.002519270425
0.00381434176
0.004765829618
0.005057988489
0.00444936712
0.002875843659
0.0005403891313
-0.002121401877
-0.004563855027
-0.006225187906
-0.006678526823
-0.005829693055
-0.004057686155
-0.002115941283
-0.0006995084115
-5.28648317e-05
6.903111768e-05
0.0001706290932
0.0006783211112
0.001649642034
0.002870374803
0.004154678892
0.005333096393
0.006165864948
0.006352664459
0.005563177593
0.003568608954
0.0004881782987
-0.00316199684
-0.006635275024
-0.009117960064
-0.009971068024
-0.009023057337
-0.00664350104
-0.003550635199
-0.0005699073142
0.001626983937
0.002729965011
0.002837502768
0.00238748536
0.001888300684
0.001728161138
0.002090682589
0.002853615654
0.003639300564
0.00402046072
0.003700164124
0.002570764428
0.0007782583715
-0.001286907476
-0.003193262171
-0.004687037084
-0.00570978005
-0.006262582723
-0.006335121339
-0.005954387342
-0.005256791276
-0.004477530368
-0.003894417321
-0.003680834537
-0.003763712348
-0.003833673168
-0.003490383395
-0.002602976183
-0.001452427888
-0.000351022556
0.0006338830723
0.001560906328
0.002448979162
0.00313684713
0.003358157062
0.003026872744
0.002376031692
0.001736190393
0.001238494207
0.0008220350307
0.0003475638686
-0.0002655805049
-0.001008804277
-0.001904527804
-0.002924197413
-0.003823745561
-0.004288276593
-0.004232298036
-0.003843366264
-0.003340495283
-0.002803633983
-0.002185047237
-0.001495836778
-0.0008300170985
-0.000219501369
0.0003587558095
0.0007866175465
0.0008332924476
0.0005584511133
0.0003233869394
0.0003171360946
0.0003159770496
-2.116100377e-05
-0.0007885043082
-0.001693321337
-0.002187666288
-0.00175045219
-0.0002152634376
0.002004991748
0.004189012983
0.005850619895
0.006925846846
0.007445071925
0.007274506727
0.006367913062
0.004991623344
0.003578855578
0.002368457112
0.001280948218
0.0001800081321
-0.0008936262546
-0.001724919893
-0.002057366505
-0.001751752553
-0.0008826541228
0.0003203011853
0.001601922373
0.00275864139
0.00361682088
0.004019266635
0.003864237522
0.003195846862
0.002331539446
0.00179048439
0.001943417481
0.002708085305
0.003672200601
0.004402560684
0.004635362301
0.004357236725
0.003724833798
0.00298209361
0.002369827048
0.00207003158
0.002220661251
0.002834354171
0.003668410174
0.00432506039
0.004534794346
0.004229084963
0.003473095141
0.002506887042
0.001701725889
0.001333024079
0.001381098966
0.001656266375
0.002073234309
0.002562754703
0.002936958295
0.003013734776
0.002727297612
0.002092345866
0.001237061016
0.0004342177425
-7.102988604e-05
-0.0001658323405
0.0001771521548
0.0009211231347
0.001905894936
0.002778401809
0.003113963245
0.002740787713
0.001961269628
0.00133356645
0.001165819414
0.001296498627
0.001334676368
0.0009744605522
0.0001540126661
-0.0009592224391
-0.002030773251
-0.002647962766
-0.002477622097
-0.001364426766
0.0006072559622
0.003048939564
0.005339685499
0.006880968917
0.00738390485
0.007053054911
0.006504019336
0.006342717642
0.006731962076
0.007266307051
0.007306113822
0.006460513111
0.004708338856
0.00233678091
-9.276004699e-05
-0.001903125569
-0.002617269337
-0.002255449147
-0.001387536965
-0.0007949134075
-0.0007990507952
-0.001033128267
-0.001022720752
-0.0007511589221
-0.0005073642475
-0.0004416506922
-0.0004675426242
-0.0005172625087
-0.0006560736686
-0.0009313182668
-0.001336393293
-0.001898384901
-0.002634507433
-0.003469044983
-0.00422181635
-0.00459352108
-0.004328262963
-0.003488095418
-0.002431007791
-0.001530601333
-0.001048085065
-0.001113237263
-0.001595944627
-0.002062227547
-0.002077231594
-0.001532912193
-0.0006505723384
0.0002582051596
0.001038104236
0.001771561583
0.002614011454
0.003586742162
0.004569951384
0.005369117998
0.005656691456
0.005134149623
0.003845821999
0.002202204882
0.0007918314789
0.0001467290528
0.0004736048414
0.0015616127
0.00290680933
0.00394652634
0.004256333707
0.003648759881
0.002145740434
-8.599225679e-06
-0.002335949501
-0.004330582493
-0.005681705092
-0.006250148075
-0.005947135809
-0.004749545233
-0.002808329449
-0.0004775010163
0.001773974399
0.003591950227
0.004909280017
0.005866958488
0.006539567368
0.006794836985
0.006552011041
0.005991977314
0.005347442
0.004647889406
0.00374044905
0.002545090547
0.001265439912
0.0002099041882
-0.0005279627875
-0.001107385846
-0.001797172829
-0.002721739804
-0.003666933347
-0.004184006467
-0.003857351005
-0.002568815535
-0.0006461436363
0.001274767532
0.002663519357
0.003357916207
0.003533368726
0.003493876079
0.003430558201
0.003374136976
0.003361204932
0.003533731686
0.004039474216
0.004808766388
0.005483459851
0.005655229891
0.00511156046
0.003891151551
0.002263541666
0.000683767763
-0.0003470015263
-0.0005489551735
-0.0001538419393
0.0003010285564
0.0005006711201
0.0005540580807
0.0007991869769
0.00139052669
0.002097833583
0.002539301105
0.002465626915
0.001808071156
0.0006802018951
-0.0005874189916
-0.001580385593
-0.00202461445
-0.001932896802
-0.001550834354
-0.001034059004
-0.0002570662312
0.0008897576085
0.002153676864
0.003020414774
0.003076228695
0.002211242093
0.0006268561626
-0.001195337522
-0.002580181996
-0.003002454114
-0.00242568026
-0.001258291085
-1.126501758e-05
0.001027098869
0.001817329799
0.002357872785
0.002579796751
0.002482857263
0.002170497643
0.001768306276
0.001462120712
0.001541625326
0.002143022253
0.003095239586
0.004178274259
0.005365038074
0.006661256285
0.007848943588
0.008512171905
0.008263002856
0.006999763612
0.004950154757
0.002543473221
0.0002168382472
-0.001771537652
-0.003292002059
-0.004205477585
-0.004366806504
-0.003708391341
-0.002362652336
-0.000667891904
0.0009891299436
0.002301327093
0.003100224512
0.003348746071
0.003132413478
0.002671025341
0.002235586849
0.002002493501
0.00198478563
0.002045085728
0.001968015789
0.001610614711
0.001051241048
0.0005545590645
0.0003680855415
0.0004979843847
0.0007050630479
0.0008106712854
0.0009000678216
0.001148595477
0.001657801188
0.002465530764
0.003493476599
0.004529064288
0.005283544938
0.005488787491
0.005043766842
0.003944466335
0.002274391351
0.0003457557279
-0.001322256489
-0.00223809523
-0.002128289195
-0.001099317672
0.000274266152
0.0012154224
0.001240220061
0.0005113569725
-0.0003149386523
-0.0006272986737
-0.0002414286683
0.0005499085115
0.001179017228
0.00118009856
0.0004948522272
-0.0005548493424
-0.001446500036
-0.001687770258
-0.001079989454
0.0002723580797
0.002253117243
0.00475868835
0.007353979705
0.009225006151
0.009596412444
0.00819493472
0.005324495414
0.001660359198
-0.002041923446
-0.005196513617
-0.007401841231
-0.008342387706
-0.007798400593
-0.005824703537
-0.002920032684
0.0001883896477
0.002942541148
0.00504793522
0.006360121093
0.006795708459
0.006457044026
0.005717215104
0.004937297436
0.004280387588
0.003763261533
0.003307600459
0.002825424077
0.00232312647
0.001784421665
0.001076336526
0.0001099618808
-0.0009666307028
-0.00177830351
-0.002001826573
-0.001713722311
-0.001458243711
-0.001876905249
-0.003211963803
-0.005053815705
-0.006529122787
-0.006909944713
-0.006115230732
-0.004620972911
-0.003104945082
-0.002199406529
-0.00227654895
-0.003234799705
-0.004542126023
-0.005544522835
-0.005763616635
-0.004980795895
-0.003204776507
-0.000682053864
0.002033838031
0.004192767292
0.005123885225
0.004481679412
0.002464429943
-0.0001952144868
-0.00255539099
-0.003866528032
-0.003753834043
-0.002339539133
-0.000170009232
0.002128150526
0.004072158241
0.005407659588
0.006064651365
0.006107170167
0.005679681768
0.004895351769
0.003828785403
0.002714638728
0.001978737711
0.001960760897
0.00261982845
0.003506465221
0.004083512644
0.004095833294
0.003607254542
0.002753346539
0.001618082576
0.0003149998498
-0.0008735370862
-0.001588120574
-0.001617020258
-0.001025636971
-8.150102082e-05
0.0009593351217
0.001935082211
0.002726658671
0.003202127963
0.003246049253
0.002889681939
0.002308267132
0.001562299018
0.0004697413876
-0.001071461431
-0.002804671132
-0.004366928544
-0.005730925273
-0.007089897252
-0.008409372514
-0.009369611758
-0.009595320873
-0.008854718196
-0.007166819815
-0.004805459642
-0.00220788385
6.131532266e-05
0.001418098472
0.00145142277
6.061009596e-05
-0.002414976548
-0.00523014771
-0.007474705852
-0.008385008646
-0.007748583234
-0.006055028273
-0.004178871243
-0.002927211212
-0.002717312623
-0.003376301431
-0.004349391196
-0.005142791226
-0.005569275182
-0.005719901032
-0.005715638261
-0.005525663083
-0.005085975094
-0.004465306436
-0.003862823754
-0.003458246821
-0.003394750048
-0.003896606141
-0.005011083165
-0.006312892429
-0.007051181298
-0.006597296878
-0.004863295267
-0.002418696401
-0.0001225085188
0.001387023676
0.001937719314
0.001698383298
0.0009079101175
-0.000277256778
-0.001741779994
-0.003380805834
-0.005105915031
-0.006722137933
-0.007844221609
-0.008077958712
-0.00729587701
-0.005673185484
-0.003484653519
-0.001081250907
0.001101301739
0.002743737638
0.003771848243
0.004253490479
0.004237083484
0.003703513619
0.002620987527
0.001013466475
-0.0009095056247
-0.002821300019
-0.004438848375
-0.00547106053
-0.005596379814
-0.004669761489
-0.002852178188
-0.0004619293483
0.002214635989
0.004916254633
0.007295543395
0.008927057061
0.009496151473
0.008986508206
0.007680457055
0.005927691453
0.003938748057
0.001767322441
-0.0005471929124
-0.002695056225
-0.00404952156
-0.003997526064
-0.002347843391
0.0004134727571
0.00327618123
0.0052876862
0.006057087929
0.005810215952
0.005065968715
0.004280776192
0.003659070289
0.003156341529
0.002701731022
0.002320780126
0.002082939122
0.00198086103
0.001886330212
0.001648310578
0.001151112669
0.0003502685881
-0.0007400060672
-0.001998446267
-0.003120215774
-0.0038149315
-0.004105062966
-0.004319451288
-0.004818868366
-0.005632723668
-0.00640665683
-0.006797958291
-0.00675128333
-0.006386635607
-0.005749535005
-0.004812382474
-0.003631627465
-0.002321107941
-0.001014583461
0.0001319792464
0.001036344353
0.001708530398
0.002119970743
0.002224469538
0.002043461613
0.001583024181
0.0008870020773
0.0001954251674
-0.0001630279668
1.836713384e-05
0.0006312569027
0.001234036253
0.001353923703
0.0007935913672
-0.0003111475644
-0.001678540297
-0.002984198312
-0.003934712113
-0.004428127038
-0.004585321576
-0.004580841093
-0.004418829005
-0.003925020824
-0.002961745034
-0.001612164219
-0.0002724624036
0.0005752429961
0.0008206080305
0.0007890644884
0.0008731174793
0.001268704912
0.00196047071
0.002733846717
0.003320092766
0.003616845371
0.003708011025
0.00376208105
0.003878380736
0.004000380537
0.003952667752
0.003548760276
0.002699869921
0.001460693415
3.913928442e-05
-0.001192888684
-0.00178643307
-0.001458049367
-0.0002630157356
0.001412013531
0.003038430362
0.00424488003
0.004941586426
0.005142515286
0.004871443428
0.004295620926
0.003575995551
0.00259907064
0.001173837993
-0.0004708270314
-0.001661425461
-0.001795906274
-0.000790417367
0.0009378394827
0.002801348527
0.004275121561
0.004928585393
0.004477237956
0.002925805173
0.0006902085947
-0.001484096736
-0.002948329385
-0.003480265167
-0.003126950288
-0.00187551816
0.0002968997001
0.003131795421
0.006053125986
0.008246377032
0.008912608874
0.007778630956
0.005350652808
0.002624634978
0.0005284137813
-0.0004456673707
-0.0002698421982
0.000668782162
0.001751021158
0.00230844997
0.001765505426
-4.157366007e-05
-0.002648144283
-0.005159225422
-0.00678730524
-0.007211768962
-0.006450478991
-0.00473233088
-0.002531838563
-0.0003947698392
0.001291651386
0.002266365833
0.002398532848
0.00181949228
0.0008872363628
2.53487104e-05
-0.0004663326166
-0.0005777357015
-0.0005153657605
-0.0004013942907
-0.0001437655885
0.0003444879557
0.00092006731
0.001255033902
0.001040675163
0.0002550506246
-0.0008149433276
-0.001797422225
-0.002489402676
-0.002978074875
-0.003516784009
-0.004262730777
-0.005094038611
-0.005684896055
-0.005769884238
-0.005216787227
-0.004026914626
-0.002456465401
-0.0009668162409
4.622859577e-05
0.0003963990697
0.0001143573484
-0.0005809753502
-0.001347505368
-0.001783821698
-0.001666290803
-0.001084326262
-0.0002521015306
0.0006295172329
0.001396021939
0.002028405512
0.002688325912
0.003439172962
0.00402516324
0.004029065443
0.00315948973
0.001440281338
-0.0007027797982
-0.002612142832
-0.003795020639
-0.004115254669
-0.003688372658
-0.00271451105
-0.001452973457
-0.0002117938695
0.0007531139441
0.001317838224
0.001541396719
0.001638825023
0.001804478151
0.002083618899
0.002391606371
0.002613314185
0.002652154649
0.002392206467
0.001800607573
0.0009850478789
0.0001053294283
-0.0006636053981
-0.001148266383
-0.001267405671
-0.001079058016
-0.0006744138709
-0.0001325651013
0.0003775882535
0.0005943015171
0.0003560120645
-0.000286592907
-0.001233935371
-0.002514687
-0.004080452834
-0.005547139365
-0.006341544501
-0.006094193251
-0.004864047746
-0.003027506912
-0.001025815409
0.0008255939748
0.002366993119
0.00353153205
0.004268628485
0.004492525372
0.004045199884
0.002801294853
0.0008883981837
-0.001271000219
-0.003063819817
-0.003897084263
-0.003517198907
-0.002171795517
-0.0004018995095
0.001215803295
0.002140455295
0.002010642456
0.0007672343643
-0.001327809474
-0.003739107641
-0.005814816834
-0.006967851904
-0.00685408943
-0.005547110097
-0.003571522696
-0.001684762535
-0.0006470123442
-0.0009296606189
-0.002412277656
-0.00440581763
-0.006043338507
-0.006663359073
-0.006005272315
-0.004281232715
-0.001998686129
0.000304603033
0.002178371915
0.003263596807
0.003414650996
0.002701225229
0.001333041664
-0.0003111911706
-0.001825544594
-0.002989314518
-0.003806829299
-0.004338344025
-0.004548604502
-0.004372923815
-0.003825410682
-0.003026539988
-0.002120150509
-0.001193923542
-0.00031616816
0.0004131395122
0.0009335690842
0.001271750295
0.001515724229
0.001645873339
0.001420696524
0.0006202929384
-0.0005219325259
-0.001321000609
-0.001206576606
-0.0002686750584
0.0008293399889
0.001448355933
0.0014513715
0.001193528653
0.001167011791
0.001512716052
0.001882464799
0.001875016318
0.001437646085
0.0008244110487
0.0003956605295
0.0003674268108
0.000685280433
0.00119394285
0.001915440236
0.00312539703
0.005051957615
0.00751072928
0.009980134091
0.01186402214
0.01262840348
0.01205004079
0.0103481032
0.007979488803
0.005420777363
0.003062613758
0.001199735773
-1.958057062e-05
-0.0006328774976
-0.0007737044228
-0.0006035480497
-0.0003176399559
-7.175642996e-05
0.0001062503823
0.000323002656
0.0007002362927
0.001182037698
0.001484618491
0.001373581004
0.0009145174474
0.000374573839
2.284320112e-05
-4.6632597e-05
-3.694966892e-05
-0.0001912097825
-0.0004387248038
-0.000494055023
-0.0002280534921
0.0001588650744
0.0003118538534
9.359162708e-05
-0.0003247240112
-0.000734261382
-0.00117282543
-0.001901772425
-0.003119589685
-0.004705235425
-0.00628432052
-0.007450204044
-0.007841044471
-0.007239089933
-0.005727323159
-0.003649393008
-0.001455220268
0.0003783996281
0.001377731686
0.001175327276
-0.0002904335925
-0.002580771837
-0.004877090272
-0.006432173026
-0.006950244987
-0.006555973354
-0.005442646748
-0.00380774921
-0.002030069393
-0.000649621646
-6.949131622e-05
-0.000256477302
-0.0008010113629
-0.001263059873
-0.001507531987
-0.001662624466
-0.001785519836
-0.001672453486
-0.0009697536669
0.0005068928058
0.002545737131
0.004552841113
0.005785692605
0.005763540401
0.004546342085
0.002608453276
0.000556338153
-0.001088915831
-0.002049489114
-0.002306018322
-0.002095663623
-0.00175220242
-0.001426943112
-0.0009584270065
-9.302176452e-05
0.001116437514
0.002175127703
0.002560959831
0.002236499045
0.00158603728
0.000960418971
0.0005289085739
0.0004530636123
0.0009088715228
0.001914740893
0.003237750546
0.004531697752
0.005500626609
0.005942699778
0.005806949558
0.005221843013
0.004307696212
0.003049001581
0.001468593868
-0.0002210481926
-0.001674082645
-0.002612298617
-0.002956037043
-0.00269882495
-0.001901637842
-0.0008669556736
-8.582923726e-05
7.229822299e-05
-0.0004694992779
-0.001519479065
-0.0027153472
-0.003643575492
-0.004010025998
-0.003683683684
-0.002676800346
-0.001196092818
0.0003015046925
0.001272957394
0.001400476226
0.0007452738423
-0.0003698276363
-0.001549520961
-0.002277637714
-0.001967357394
-0.0003417962601
0.002173971307
0.004639003788
0.006278601778
0.006857467862
0.006529739275
0.005566825856
0.004143980992
0.002323504806
0.0001947075806
-0.001933584096
-0.003566454257
-0.004265688219
-0.003793724788
-0.002345189767
-0.0006361927059
0.0005108206758
0.0006407235616
-0.0001019247527
-0.00115023195
-0.001927141259
-0.002141648599
-0.001799723306
-0.001148707455
-0.0005663330544
-0.0003034259711
-0.0003680894242
-0.0006008160167
-0.0007484636031
-0.0005947520156
-0.0001283462237
0.0004736111001
0.00101095186
0.001324160816
0.00124225147
0.0005636773307
-0.0008236683309
-0.002698536467
-0.004370950836
-0.004984397594
-0.004080486864
-0.001822507876
0.00121284117
0.004317370045
0.006861510308
0.008426068775
0.008896720348
0.008533135478
0.007753573213
0.006811424175
0.005718591687
0.004357001722
0.002688975508
0.0008541382139
-0.0009511190126
-0.00255486977
-0.003784046879
-0.004466632889
-0.004482656965
-0.003873772308
-0.002873645475
-0.001719664987
-0.0005995746373
0.0003924204182
0.001302003029
0.002191158448
0.002963364389
0.003325238897
0.00298184533
0.001971635378
0.000783717851
7.034170745e-05
0.0001162146059
0.0007327125326
0.001595890783
0.002474160831
0.003323981815
0.004262972864
0.00531924753
0.006313143286
0.006939779379
0.006799684005
0.005516879879
0.003016537324
-0.0002267131822
-0.003422330183
-0.005933276327
-0.007384513195
-0.007525113407
-0.006269933565
-0.003858952978
-0.0008724824616
0.001943144102
0.003999185223
0.005070222277
0.005231334791
0.004715971279
0.003872757763
0.003130701888
0.00280703667
0.002958215829
0.003405111937
0.00384934632
0.00396193397
0.003497598577
0.002364376841
0.0006561046629
-0.001382528118
-0.003280562836
-0.004368198219
-0.004159039862
-0.002596476413
-7.422969682e-06
0.003061363025
0.00600976518
0.008348052545
0.009725868927
0.009870185573
0.008691988131
0.006479249587
0.003886304137
0.0016815919
0.0003720948294
-1.757268052e-05
0.0001588112197
0.0004594777449
0.0005727921007
0.0003591501263
-0.0001877143954
-0.0009039464334
-0.001527712783
-0.001897801805
-0.001989952
-0.001829442342
-0.001393120884
-0.0006224244185
0.0004061492704
0.001462018788
0.002300767432
0.002759530101
0.002777420464
0.002342159153
0.001484534662
0.0002863610655
-0.001031482255
-0.002060177565
-0.002359383388
-0.001657669428
-3.180560122e-05
0.002106775356
0.004240149381
0.005872430652
0.006580255395
0.006207624301
0.00494549203
0.003201466626
0.001391223421
-0.0002384682706
-0.001626781128
-0.002799610518
-0.003819051839
-0.00465702
-0.005066275751
-0.004771629863
-0.003746797154
-0.002266659148
-0.0007754993058
0.0003869509625
0.001164405297
0.001621424398
0.001845998377
0.001888125439
0.001590737879
0.0007749524713
-0.0003685840432
-0.001344827055
-0.001734659856
-0.00144640038
-0.0007366942032
-4.476455062e-05
0.0002909096143
0.0002271168385
-6.163922222e-05
-0.0004092815308
-0.0007488512433
-0.001049104236
-0.001303540154
-0.001471727298
-0.001449014126
-0.001224256588
-0.0008916599872
-0.0005263052539
-0.0001345923685
0.0002667771229
0.0007013097197
0.001211686855
0.001671175571
0.00191715663
0.001969253761
0.001959807913
0.002032613018
0.002270095565
0.002643163452
0.003116644939
0.00380738095
0.004823876362
0.005959402355
0.00671298617
0.006628631415
0.005530217775
0.003608415929
0.001316933922
-0.0009198571501
-0.002920190566
-0.004667517117
