0
0
0
0
0
0
0
0
0
0
0
0
0
0
0
0
0
0
0
0
0
0
0
0
0
0
0
0
0
0
0
0
0
0
0
0
0
0
0
0
0
0
0
0
0
0
0
0
0
0
0
0
0
0
0
0
0
0
0
0
0
0
0
0
0
0
0
0
5.583223245e-05
0.0008135570384
0.005200663929
0.02119850399
0.06620610248
0.1641700421
0.3372539278
0.5869005201
0.896566232
1.25241434
1.604664546
1.934817036
2.193405559
2.389193837
2.518962039
2.578339443
2.584134455
2.556103585
2.480305248
2.388259292
2.282022205
2.165901339
2.03857901
1.926986966
1.815227149
1.711208299
1.605265889
1.510840462
1.421426879
1.340332992
1.263212582
1.197462194
1.131774364
1.076635239
1.028824675
0.9792524944
0.9336673841
0.8977391455
0.8644522086
0.8304442221
0.8064835123
0.7867150707
0.7610543636
0.73966053
0.719655808
0.7069221321
0.6926764763
0.6850218047
0.6725016021
0.665600762
0.6601234069
0.6558728435
0.6476483847
0.6485254165
0.6457261398
0.6468369378
0.6491021418
0.6527324945
0.6604785639
0.6668171396
0.676702864
0.6818828529
0.6925580658
0.7031339336
0.7201771661
0.7307479592
0.7472352355
0.7639856016
0.7845114591
0.8068881341
0.8208954234
0.8421245842
0.8611996297
0.8820084614
0.9079131149
0.9255445068
0.9501808871
0.9706847385
0.9915878306
1.017082922
1.031210592
1.049817065
1.070330241
1.089017437
1.106361771
1.12180298
1.139189525
1.153671934
1.168091683
1.175516013
1.184499435
1.192812299
1.203413249
1.203472537
1.202149463
1.200735952
1.19721539
1.193411415
1.185983279
1.179534015
1.171308401
1.157820261
1.144368779
1.132778449
1.118975613
1.104332734
1.089672866
1.072047906
1.05880479
1.040364121
1.024631625
1.015323062
1.002080447
0.9841762676
0.9713673571
0.9582026946
0.9486647829
0.9395529172
0.9277618972
0.9195142257
0.9095578994
0.8986291654
0.8968260445
0.8907799102
0.8840070713
0.8809647282
0.8745539311
0.8713992412
0.8717914895
0.8655736559
0.8700260847
0.8671250295
