2.52032989203
-1.88381505613
-0.0690646477533
-1.21333480276
1.23444495341
-1.85477538222
-0.466059424404
1.27460495936
1.23174100839
-1.3907875355
-0.987623391608
2.29860608305
0.156187968327
0.453808743236
1.20568674597
-1.13705019384
-1.88313679851
0.607724362125
-2.52701283117
-1.91086776714
-1.22646942803
-0.958915267726
2.31010860752
-0.128188251415
0.457680700778
1.70945984436
0.393557585242
1.81452664394
-0.242328052523
2.54207976328
-1.49461144877
-2.1402625637
-0.821462020046
-0.830244173262
2.0990543202
1.63554804604
0.824126063452
-2.23097258285
2.23504337026
0.551773937387
0.0724725031961
2.26421624429
-1.85413715653
0.31250515833
0.758576922387
1.58595847534
2.30648752719
-0.555594843417
-0.975051917257
-0.913746548148
-0.482944359825
1.69591011013
-2.24018864009
2.16972889793
0.25565667105
-1.96036706549
1.57541497205
-0.991293155027
-0.553379907742
0.908342113765
-0.344945528326
-2.1037531869
1.89842764207
0.430885645943
2.3155698625
-2.03622298569
-1.84436810484
0.715224774025
-0.634619519736
-0.086468150189
1.26345840869
-2.05299128367
-0.119184668235
2.21549944275
-1.56067651598
1.15723919701
-2.41303404573
2.22971338688
2.48043518176
0.715050725792
1.06985472547
1.85846616544
1.58729368799
2.08162615258
-1.21541209732
-1.05513408473
1.24724829324
1.47529840622
0.77179131146
-0.43923431388
-1.16798749455
1.58616457065
0.102678559883
-1.73804328469
-0.179495960733
0.972456691945
-0.816206527343
-1.75213262422
0.535914946074
-2.41704752813
1.5098145339
-2.17970843887
-0.0435964412705
-0.971999329557
-2.04032056454
-0.0187074425041
0.261588320505
-1.65816065035
2.23091588738
-1.32087976716
-0.19060843819
-2.13056887522
-0.00525280173081
0.320303326937
0.617154578949
2.17162182878
1.05549842821
0.674252009291
-1.56358292684
1.84237192155
0.391042451731
0.799574980428
0.690557816265
2.30771959628
-0.292009978277
-0.625469443887
-1.73768191253
-2.44789909103
-1.88146528715
2.01568586186
2.23683849998
-0.583758181743
-1.45011341838
0.00711951508993
1.44455006867
-0.0234928599048
-0.498074017806
-1.8148160618
-1.99600863185
-0.371731152846
2.31363077884
0.114556775161
-2.29262418651
1.89754051727
-0.12388503001
-2.34683606169
-1.78154435667
-1.58357906852
-2.07835655653
0.824302682835
2.22558084762
2.01696155752
-0.929074661095
-2.05799205123
1.18627056286
1.12409690831
-0.49028294296
0.365764235403
1.31853746869
-1.49677639795
1.26860325314
-0.694272082844
2.50447194361
0.4677565803
1.00601566601
1.02037067328
1.17156144532
2.28684823478
-0.853048595229
-2.04131061775
1.86672498753
1.68958208472
-0.837057457893
-0.720976483194
2.19263764434
-1.64740763903
-1.50862780854
-1.7595405165
2.10995074841
-1.42199956689
-1.53267433845
1.2712274788
1.38696443438
-0.0456705475596
0.360849921147
-0.998955170548
-0.650774549413
0.487671065937
-2.32226767432
-2.00333174082
-0.989242407466
0.335429078332
0.686487673033
-0.778999776747
0.976906586654
-1.02076073828
-0.309215342258
2.12525593535
-0.543870743911
1.72099117104
0.424784723849
1.48953552253
-2.4584742814
2.55488166673
1.7852801408
-1.21167425453
-0.570360166665
2.06022671822
-1.38469996201
0.854597978992
2.55975371948
-0.804519853083
1.39778762732
0.0535073658689
1.4043227335
-0.229481757751
1.20262085216
1.88086566562
-2.26114213753
1.52596360035
-0.36859466598
1.5188742039
0.727491700024
0.191627849034
-0.490743745507
0.0343888482317
-1.46816891779
2.18536013212
1.68453913306
-2.51289126963
1.51786276999
-1.47727983884
-0.59027490103
-1.05351944117
1.14988544766
0.63204674201
-2.53650962331
1.6208564718
0.192537541846
1.85808001243
0.718415669594
0.909028475352
1.87857781469
2.24388605417
0.802353034564
0.0795863150195
-0.141657379898
2.31912677593
-0.457114833384
2.13589522346
-2.31191463113
-2.02272017062
2.33530869063
2.04260689031
-1.02963678337
-1.07639422591
-0.12955059454
1.59359192367
-0.235394826585
-0.176096640234
-2.10357500589
-0.309623739996
-1.69181098929
2.33091715539
-1.61538070573
-0.981315670261
-1.47835228539
0.755181429414
-0.444708114056
-1.31486569259
2.02435362716
-1.25986250297
2.51244028307
1.51561738346
-0.398161634037
-1.34644831053
-0.868467805085
-1.79461351105
-0.833377571437
-2.14899091815
-0.00462368463762
-1.9321754817
-2.42117508386
2.28919925725
0.656625852588
1.51198890136
2.22488843756
-0.844867945683
-2.02848740552
0.445597919717
-1.2433904591
-1.80645550084
0.121514309874
-2.40608647857
1.41142236519
0.382234346825
-2.14476738916
1.85252697569
1.79508679061
-0.987089805048
-2.01038116056
2.46426882146
-1.60662280152
-0.610943670856
1.2312923996
-2.1368117528
1.36436308826
1.26502921877
-1.55297830513
0.620980209452
-1.21045055008
1.17884794408
0.561117320877
0.679525432283
0.173788221427
-1.62659441815
-1.66457279857
-2.55551934401
0.763715199348
-0.00650815513654
1.7142006693
-0.402660857008
0.829356008624
0.474864724654
-1.65551647977
2.29597517276
-0.728001216553
0.0803831915462
1.24882958343
-0.936919648456
0.986220030649
-0.148007737344
0.1833955305
-0.435153268288
1.37966400638
0.157441592174
-2.28023193232
-1.18855306691
-0.702991615995
-0.240057983332
1.40942225879
0.925506682863
0.115214352237
-3.41041062998
0.823909249668
-0.954499604516
1.07956806401
0.252447457386
0.00103879822644
0.930101645262
1.23645435261
-0.223110627817
-1.04977983948
-0.162165196275
2.07197534425
-0.0901980016113
0.918102097223
0.12211840706
1.05521436783
0.392053223759
0.57997686594
1.84857097333
2.04640289155
-0.790805955509
2.32390616371
1.00098155164
-0.52329928118
-0.647257967569
-0.643998441164
-1.33168186033
-0.280848755847
0.535718627963
1.43601806139
-0.417171020113
1.01186601736
-0.0525474948244
0.556789102374
1.28546097885
-1.30508555955
-1.13366460906
1.08217355579
1.13483608919
-2.27785031844
0.196633069373
1.01413987526
-0.517591846562
0.107845137534
-1.34420605711
-0.179665221434
-0.124249048233
-1.44951240921
0.0908452179643
-1.24346492419
-1.04135412367
0.287532117173
-0.665752747462
0.123032981058
0.791750077259
-0.718607289909
0.501686358498
-0.547292793691
2.26628710734
-0.440012060234
0.987073291857
-0.550754771446
0.320913429645
0.308657986153
0.120431710079
-0.210676256341
1.00405936852
0.100628403597
-0.471593590221
-1.17713162857
-0.756158257085
-0.278879671325
-1.20096385488
1.06337102627
1.21977041601
-0.273246607812
-1.84833042704
-1.30355004581
-0.427427134624
-0.864811857208
1.71743873935
0.0923700523387
0.25551360327
-0.545800587874
-0.778901570769
-1.4770064226
1.03252508199
-0.796565938209
-1.26692608248
-0.881114088119
-1.0754970769
-1.24628254063
1.42018301414
0.399431506242
0.108512149452
0.20359624453
-1.57343951137
-0.847266989025
0.477993026915
1.27987797352
0.0711716717003
0.853702639999
-0.2424986711
-0.106991438914
-1.06382541361
-0.235443338937
-1.30239069172
-2.19419750312
-0.973006817754
2.31925876809
0.753156157388
-0.812745818442
-0.11090508105
0.959154142525
-1.30163319606
-0.463156904131
-1.0305513842
0.886979100858
1.21580085382
-0.554767736837
-0.81196771088
-0.912810997755
-0.429671256804
0.371974307166
0.691847618655
-0.571023242486
-0.00802466460743
-0.397115376357
0.764900007115
0.863519851462
-0.529836178444
-1.93455161979
-0.497379154574
1.0067054953
-0.526884941654
-0.323731285016
0.0160609435637
-0.146228811364
-0.0508884466026
0.0679765167772
1.26982677551
-0.887037387755
0.310104236927
-1.50580487947
0.895162399529
-0.00897375818514
1.09314419057
0.153690806298
-3.22867751152
0.797962822779
0.226498122076
0.633231459849
0.81808390217
0.468714505494
1.82534477678
-0.417597136316
-1.61240268592
2.02660094221
1.08240310377
0.201320007158
-0.268056245544
-0.583892068974
0.374809442343
1.38277415358
-1.32869519921
-0.145652131266
0.301649601113
-0.525796265253
-0.493478607093
1.1049184117
0.334998464821
-0.439253350586
-0.767472559619
0.278929969748
-0.448244046272
0.165070955131
-0.441328359702
0.919944950147
-0.36188808828
0.519526938341
-0.342995682484
0.844112286904
-0.914076913154
0.515101033501
0.791389977602
0.443042042379
0.128606372301
0.15225541547
-0.0765272419922
-0.221769104049
-0.774424126601
0.378736325672
1.20032164258
0.715145438498
0.506720603785
1.21789398759
0.140033183909
0.434530301119
-0.623684237025
-0.912214372349
-1.12562497123
0.104803221003
-0.18551489468
-0.400481849281
-0.591172071038
-1.26504757327
0.3143772718
-0.447842535243
-1.67336358656
1.49627742203
1.28223419932
-0.30926793856
0.136797220356
1.06544920124
1.97159713573
0.697731921918
1.60733648627
1.00955494899
-1.05012897674
-0.243455687277
0.425628646863
1.79410798659
-0.724959316826
1.43762465784
-0.322485481167
-0.0388618646054
-0.174468829634
0.0591570009347
1.2280766159
-0.157187313881
0.471022325007
-0.567294448972
0.444459367607
0.776545977194
-0.874607383876
1.32568363479
-1.51691737244
-1.50341484209
0.170164570493
-1.4937703675
-0.75033145312
0.859533818298
1.20116343639
0.201508207219
0.258937757336
-0.246251732435
0.330516819597
0.65497774504
-0.0376366933576
0.128203867193
-1.0177290152
0.862804375896
1.26156999448
-0.290823002564
-0.958072256498
0.0899886049768
0.0300657085577
-0.551085608866
-0.740477340134
-0.992478813362
-0.0451593400238
0.626115850206
-0.211903308466
-0.309735076402
-0.884359581346
2.11386542486
0.206577660813
-1.34764191532
-0.133089721636
-0.111977486248
1.08902811656
0.887004629209
-0.893313268237
0.121384518868
0.226396493903
-1.67348556827
1.95787218175
-0.144362451407
-1.64839458211
1.21419356413
0.0344876694998
0.951510596301
1.49773078846
-0.216471415471
-0.130161832726
0.656961083313
0.0565207077706
-0.884339564415
1.17637606685
-1.30533561046
-0.00797553276119
-1.99509331678
-1.15312554311
-0.389763763707
-2.05901965573
0.86299762525
0.97053822414
-0.733362018072
-0.64769482646
-0.543388921866
-1.17241548163
0.608694297289
1.07345575006
0.929935621582
-0.965855706341
